10-06-2018.asc
ncols         226
nrows         194
xllcorner     76.715034484863
yllcorner     -9.2982788085938
cellsize      0.25
NODATA_value  -9999
[rows 136 to 169 of 194, columns 0 to 77 of 226]
28.88 28.94 28.81 28.39 28.22 28.09 27.94 27.81 27.73 27.73 27.77 27.82 27.86 27.93 28.05 28.15 28.18 28.1 28.2 28.29 28.48 28.65 28.8 28.92 28.9 28.81 28.76 28.69 28.78 28.88 28.77 28.75 28.74 28.79 28.77 28.7 28.66 28.69 28.71 28.62 28.52 28.52 28.66 28.75 28.63 28.56 28.43 28.41 28.4 28.29 28.37 28.5 28.54 28.71 28.8 28.89 28.97 29.1 29 29.09 29.07 29.1 29.06 29.04 28.99 28.87 28.76 28.94 28.99 29.08 29.2 29.32 29.41 29.46 29.48 -9999 -9999 -9999
28.87 28.9 28.74 28.31 28.13 28.02 27.9 27.81 27.75 27.76 27.79 27.83 27.87 27.93 28.06 28.19 28.25 28.14 28.19 28.25 28.39 28.53 28.65 28.77 28.76 28.69 28.62 28.58 28.7 28.81 28.68 28.69 28.66 28.66 28.62 28.56 28.53 28.56 28.55 28.47 28.4 28.48 28.64 28.71 28.65 28.59 28.47 28.47 28.48 28.35 28.36 28.44 28.51 28.65 28.74 28.81 28.86 28.94 28.84 28.89 28.86 28.87 28.81 28.8 28.79 28.69 28.65 28.74 28.78 28.87 28.99 29.13 29.23 29.31 29.35 -9999 -9999 -9999
29.07 29.04 28.83 28.38 28.17 28.05 27.92 27.82 27.75 27.75 27.77 27.8 27.85 27.9 28.01 28.17 28.29 28.18 28.19 28.21 28.31 28.43 28.52 28.62 28.64 28.58 28.47 28.42 28.57 28.74 28.61 28.62 28.57 28.54 28.5 28.43 28.4 28.41 28.38 28.31 28.27 28.39 28.62 28.7 28.71 28.66 28.52 28.5 28.5 28.38 28.36 28.43 28.53 28.61 28.69 28.76 28.81 28.84 28.73 28.77 28.72 28.71 28.62 28.59 28.57 28.47 28.5 28.61 28.67 28.78 28.92 29.08 29.2 29.3 29.39 29.45 -9999 -9999
29.15 29.1 28.88 28.44 28.21 28.1 27.98 27.9 27.83 27.84 27.84 27.85 27.89 27.92 27.93 28.04 28.19 28.09 27.98 27.94 28.01 28.06 28.06 28.14 28.19 28.12 28.05 28.1 28.35 28.56 28.48 28.51 28.44 28.41 28.37 28.32 28.3 28.31 28.27 28.22 28.23 28.34 28.53 28.59 28.58 28.53 28.4 28.38 28.41 28.32 28.32 28.37 28.44 28.45 28.51 28.58 28.65 28.71 28.73 28.76 28.72 28.69 28.56 28.47 28.41 28.32 28.38 28.52 28.61 28.75 28.92 29.11 29.25 29.36 29.44 29.47 29.43 -9999
29.14 29.07 28.84 28.45 28.2 28.08 28 27.94 27.9 27.9 27.91 27.92 27.94 27.93 27.82 27.88 28.04 27.97 27.89 27.87 27.89 27.9 27.84 27.88 27.92 27.85 27.77 27.81 28.05 28.26 28.28 28.38 28.35 28.35 28.34 28.32 28.32 28.33 28.26 28.22 28.24 28.32 28.48 28.5 28.48 28.42 28.29 28.28 28.33 28.32 28.37 28.42 28.48 28.46 28.51 28.57 28.64 28.71 28.75 28.76 28.73 28.62 28.45 28.31 28.22 28.15 28.23 28.4 28.55 28.71 28.91 29.11 29.27 29.38 29.44 29.43 29.36 29.29
28.98 28.88 28.65 28.33 28.12 28.04 28.01 28 27.98 27.96 27.97 27.97 27.94 27.86 27.68 27.69 27.86 27.88 27.86 27.84 27.81 27.78 27.74 27.77 27.8 27.71 27.61 27.61 27.75 27.9 28.09 28.24 28.27 28.3 28.32 28.33 28.35 28.34 28.27 28.24 28.25 28.32 28.41 28.45 28.42 28.37 28.28 28.29 28.36 28.45 28.53 28.59 28.65 28.62 28.64 28.68 28.73 28.79 28.83 28.84 28.8 28.66 28.45 28.29 28.17 28.08 28.15 28.3 28.45 28.6 28.8 29.01 29.17 29.28 29.33 29.31 29.24 29.18
28.86 28.71 28.49 28.26 28.1 28.03 28.03 28.06 28.07 28.07 28.1 28.09 28.02 27.9 27.71 27.73 27.89 27.96 27.99 27.97 27.9 27.8 27.77 27.78 27.78 27.68 27.59 27.59 27.69 27.78 28.09 28.19 28.21 28.25 28.28 28.31 28.31 28.27 28.16 28.11 28.13 28.2 28.32 28.38 28.38 28.37 28.34 28.35 28.39 28.48 28.57 28.63 28.66 28.68 28.71 28.76 28.81 28.86 28.89 28.89 28.82 28.68 28.47 28.3 28.18 28.06 28.09 28.21 28.32 28.44 28.6 28.79 28.95 29.05 29.11 29.11 29.06 29.03
29.02 28.81 28.57 28.39 28.23 28.07 28.02 28.08 28.14 28.18 28.24 28.23 28.15 28.01 27.8 27.82 28 28.11 28.14 28.14 28.06 27.89 27.81 27.77 27.7 27.56 27.47 27.46 27.51 27.61 27.99 28.1 28.12 28.14 28.17 28.21 28.23 28.2 28.11 28.07 28.11 28.19 28.33 28.41 28.38 28.35 28.33 28.34 28.35 28.44 28.56 28.64 28.68 28.73 28.78 28.83 28.87 28.9 28.91 28.88 28.81 28.68 28.5 28.34 28.22 28.07 28.07 28.14 28.19 28.26 28.37 28.51 28.65 28.76 28.83 28.85 28.85 28.86
29.22 28.95 28.68 28.54 28.38 28.17 28.02 28.06 28.14 28.22 28.27 28.25 28.15 27.99 27.79 27.8 27.95 28.08 28.15 28.18 28.13 27.94 27.82 27.7 27.57 27.42 27.36 27.36 27.41 27.53 27.94 28.06 28.08 28.09 28.11 28.16 28.18 28.18 28.16 28.16 28.21 28.3 28.45 28.55 28.49 28.43 28.39 28.36 28.34 28.38 28.48 28.57 28.66 28.76 28.83 28.86 28.87 28.87 28.85 28.81 28.75 28.66 28.52 28.39 28.28 28.13 28.1 28.11 28.1 28.11 28.16 28.26 28.37 28.47 28.55 28.61 28.64 28.7
29.36 29.06 28.79 28.72 28.61 28.37 28.12 28.13 28.22 28.28 28.3 28.26 28.17 27.98 27.78 27.78 27.92 28.05 28.13 28.17 28.15 28 27.91 27.75 27.58 27.44 27.39 27.4 27.43 27.55 27.91 27.99 28.02 28.02 28.04 28.08 28.12 28.16 28.21 28.25 28.29 28.37 28.51 28.6 28.54 28.47 28.41 28.37 28.33 28.36 28.44 28.53 28.64 28.75 28.82 28.81 28.79 28.75 28.71 28.68 28.64 28.61 28.52 28.45 28.36 28.23 28.19 28.16 28.13 28.09 28.1 28.15 28.23 28.31 28.38 28.44 28.49 28.56
29.33 29.06 28.84 28.83 28.79 28.61 28.43 28.46 28.52 28.54 28.5 28.43 28.33 28.1 27.84 27.81 27.94 28.08 28.15 28.17 28.13 27.96 27.85 27.68 27.54 27.43 27.45 27.54 27.57 27.65 27.9 27.94 27.92 27.9 27.91 27.95 28.01 28.08 28.16 28.24 28.33 28.45 28.59 28.67 28.58 28.49 28.43 28.37 28.33 28.34 28.42 28.52 28.63 28.73 28.78 28.73 28.67 28.62 28.57 28.54 28.53 28.54 28.51 28.48 28.43 28.32 28.29 28.26 28.22 28.17 28.15 28.17 28.22 28.28 28.33 28.38 28.43 28.49
29.26 29.02 28.84 28.83 28.8 28.65 28.52 28.56 28.65 28.65 28.58 28.51 28.41 28.2 27.97 27.85 27.93 28.05 28.11 28.1 28.08 28 27.92 27.81 27.8 27.76 27.8 27.91 27.9 27.9 27.97 27.95 27.9 27.87 27.88 27.92 27.99 28.11 28.21 28.31 28.4 28.53 28.66 28.72 28.64 28.55 28.48 28.42 28.37 28.37 28.44 28.54 28.65 28.73 28.76 28.7 28.62 28.55 28.5 28.47 28.47 28.49 28.46 28.45 28.44 28.36 28.35 28.33 28.29 28.25 28.23 28.23 28.27 28.31 28.36 28.39 28.42 28.47
29.21 29.02 28.9 28.88 28.87 28.74 28.63 28.63 28.73 28.7 28.6 28.52 28.42 28.24 28.08 27.96 28.02 28.13 28.19 28.18 28.15 28.1 28.02 27.91 27.93 27.91 27.95 28.05 28.03 28.01 28.02 27.99 27.93 27.89 27.9 27.94 28.04 28.23 28.37 28.47 28.52 28.63 28.73 28.77 28.72 28.63 28.56 28.5 28.44 28.44 28.5 28.58 28.67 28.74 28.76 28.7 28.62 28.55 28.5 28.46 28.44 28.44 28.38 28.37 28.38 28.36 28.36 28.35 28.33 28.3 28.28 28.28 28.31 28.36 28.39 28.41 28.44 28.48
29.19 29.05 28.97 28.93 28.87 28.78 28.73 28.72 28.79 28.73 28.62 28.52 28.41 28.22 28.1 28.02 28.08 28.16 28.21 28.2 28.17 28.14 28.07 27.98 28.01 28.05 28.08 28.16 28.13 28.1 28.09 28.05 27.98 27.93 27.92 27.96 28.07 28.3 28.45 28.53 28.58 28.67 28.76 28.79 28.76 28.69 28.61 28.55 28.52 28.52 28.57 28.63 28.69 28.74 28.75 28.72 28.65 28.59 28.52 28.46 28.42 28.37 28.26 28.23 28.29 28.33 28.36 28.36 28.34 28.31 28.29 28.29 28.32 28.35 28.38 28.4 28.42 28.47
29.17 29.08 29.01 28.98 28.94 28.88 28.82 28.78 28.81 28.73 28.61 28.52 28.42 28.27 28.18 28.12 28.16 28.19 28.2 28.17 28.15 28.13 28.07 28 28.05 28.14 28.19 28.24 28.21 28.18 28.16 28.1 28.02 27.95 27.94 27.97 28.08 28.32 28.45 28.53 28.57 28.65 28.73 28.76 28.74 28.66 28.58 28.53 28.53 28.55 28.6 28.65 28.69 28.73 28.74 28.72 28.67 28.6 28.53 28.47 28.41 28.33 28.19 28.18 28.26 28.33 28.37 28.36 28.33 28.29 28.26 28.25 28.26 28.29 28.32 28.34 28.37 28.42
29.13 29.11 29.08 29.07 29.04 28.97 28.87 28.8 28.8 28.71 28.6 28.5 28.4 28.31 28.27 28.24 28.25 28.24 28.22 28.17 28.15 28.15 28.09 28.04 28.09 28.23 28.27 28.3 28.27 28.23 28.2 28.14 28.04 27.97 27.95 27.97 28.07 28.3 28.42 28.42 28.45 28.51 28.56 28.56 28.53 28.45 28.39 28.39 28.51 28.58 28.64 28.68 28.73 28.77 28.76 28.75 28.68 28.57 28.5 28.46 28.42 28.33 28.18 28.18 28.26 28.33 28.36 28.34 28.3 28.24 28.19 28.16 28.16 28.18 28.21 28.24 28.29 28.35
29.11 29.14 29.13 29.13 29.09 28.99 28.87 28.78 28.77 28.68 28.59 28.51 28.5 28.46 28.47 28.46 28.44 28.39 28.34 28.28 28.25 28.18 28.14 28.11 28.17 28.33 28.36 28.34 28.31 28.28 28.24 28.16 28.06 27.99 27.96 27.97 28.05 28.27 28.36 28.33 28.35 28.39 28.41 28.38 28.32 28.27 28.27 28.34 28.55 28.69 28.78 28.83 28.87 28.89 28.87 28.85 28.73 28.55 28.44 28.42 28.41 28.34 28.2 28.2 28.27 28.33 28.34 28.31 28.25 28.17 28.1 28.05 28.04 28.05 28.07 28.12 28.19 28.29
29.11 29.16 29.17 29.17 29.12 28.99 28.84 28.74 28.74 28.67 28.59 28.52 28.55 28.53 28.56 28.55 28.52 28.43 28.35 28.3 28.28 28.2 28.18 28.17 28.23 28.38 28.39 28.35 28.33 28.31 28.26 28.18 28.08 28.01 27.98 27.99 28.05 28.24 28.3 28.2 28.22 28.24 28.24 28.19 28.15 28.22 28.33 28.44 28.68 28.8 28.88 28.9 28.89 28.89 28.86 28.87 28.76 28.55 28.41 28.39 28.41 28.38 28.24 28.24 28.29 28.32 28.32 28.27 28.2 28.11 28.02 27.96 27.93 27.92 27.95 28 28.1 28.22
29.16 29.19 29.21 29.22 29.16 29 28.84 28.74 28.73 28.67 28.61 28.52 28.58 28.58 28.62 28.62 28.58 28.49 28.41 28.37 28.32 28.22 28.2 28.17 28.2 28.29 28.3 28.31 28.32 28.31 28.28 28.2 28.11 28.04 28.02 28.04 28.1 28.26 28.3 28.29 28.32 28.34 28.33 28.27 28.27 28.48 28.62 28.68 28.77 28.84 28.88 28.85 28.81 28.81 28.81 28.87 28.82 28.66 28.49 28.41 28.43 28.42 28.3 28.3 28.32 28.33 28.3 28.25 28.17 28.08 27.99 27.91 27.86 27.83 27.83 27.88 27.98 28.1
29.23 29.23 29.27 29.3 29.25 29.08 28.92 28.85 28.83 28.76 28.68 28.57 28.63 28.65 28.67 28.66 28.58 28.45 28.33 28.26 28.23 28.13 28.12 28.11 28.14 28.19 28.23 28.31 28.34 28.35 28.33 28.26 28.17 28.1 28.09 28.14 28.2 28.33 28.38 28.5 28.54 28.56 28.52 28.42 28.41 28.7 28.84 28.85 28.78 28.82 28.83 28.78 28.73 28.77 28.82 28.91 28.9 28.79 28.61 28.45 28.43 28.44 28.36 28.35 28.36 28.34 28.31 28.25 28.18 28.08 27.99 27.9 27.82 27.76 27.73 27.74 27.82 27.92
29.24 29.22 29.27 29.34 29.32 29.18 29.07 29 28.98 28.9 28.81 28.68 28.73 28.72 28.73 28.71 28.6 28.44 28.31 28.24 28.22 28.14 28.15 28.14 28.15 28.21 28.27 28.37 28.41 28.43 28.41 28.35 28.25 28.17 28.16 28.2 28.26 28.34 28.4 28.68 28.74 28.73 28.66 28.52 28.5 28.85 29 28.99 28.75 28.78 28.79 28.76 28.73 28.79 28.83 28.9 28.91 28.82 28.63 28.39 28.36 28.41 28.39 28.4 28.4 28.37 28.33 28.28 28.2 28.12 28.02 27.92 27.81 27.71 27.64 27.62 27.66 27.74
29.23 29.21 29.28 29.35 29.34 29.23 29.16 29.11 29.08 29.02 28.94 28.8 28.84 28.85 28.83 28.77 28.63 28.48 28.36 28.34 28.35 28.3 28.3 28.28 28.27 28.3 28.35 28.44 28.48 28.51 28.51 28.47 28.38 28.28 28.23 28.25 28.25 28.27 28.35 28.8 28.88 28.86 28.75 28.58 28.56 28.96 29.12 29.07 28.69 28.71 28.75 28.75 28.72 28.71 28.72 28.77 28.77 28.68 28.49 28.22 28.2 28.31 28.41 28.46 28.47 28.44 28.4 28.34 28.26 28.17 28.08 27.97 27.83 27.7 27.6 27.55 27.56 27.61
29.19 29.15 29.21 29.28 29.25 29.15 29.13 29.12 29.09 29.07 29.04 28.93 28.94 28.95 28.92 28.83 28.7 28.57 28.48 28.47 28.51 28.48 28.48 28.44 28.42 28.44 28.45 28.49 28.52 28.56 28.59 28.6 28.53 28.42 28.33 28.29 28.24 28.23 28.32 28.88 28.97 28.93 28.79 28.6 28.58 29.02 29.19 29.12 28.65 28.68 28.75 28.78 28.75 28.71 28.7 28.75 28.76 28.67 28.48 28.2 28.19 28.32 28.47 28.55 28.56 28.53 28.5 28.43 28.34 28.24 28.15 28.03 27.9 27.75 27.63 27.55 27.54 27.58
29.14 29.1 29.15 29.22 29.16 29.09 29.12 29.13 29.13 29.15 29.14 29.06 29.03 29.01 28.96 28.87 28.73 28.62 28.58 28.6 28.68 28.65 28.64 28.59 28.56 28.58 28.54 28.51 28.53 28.57 28.62 28.65 28.6 28.49 28.39 28.31 28.23 28.19 28.25 28.85 28.94 28.88 28.73 28.53 28.53 29 29.2 29.12 28.62 28.67 28.77 28.83 28.82 28.78 28.78 28.83 28.84 28.77 28.6 28.34 28.32 28.42 28.55 28.63 28.64 28.64 28.63 28.57 28.47 28.37 28.28 28.18 28.08 27.94 27.81 27.69 27.65 27.66
29.13 29.1 29.12 29.14 29.08 29.06 29.13 29.16 29.19 29.2 29.19 29.14 29.08 29.03 28.98 28.9 28.78 28.72 28.67 28.69 28.78 28.78 28.76 28.72 28.69 28.7 28.62 28.53 28.54 28.57 28.61 28.65 28.61 28.51 28.41 28.32 28.22 28.14 28.14 28.59 28.63 28.55 28.41 28.25 28.31 28.85 29.09 29.05 28.64 28.71 28.84 28.93 28.94 28.91 28.91 28.97 28.98 28.93 28.8 28.6 28.55 28.57 28.65 28.7 28.72 28.73 28.79 28.76 28.69 28.61 28.54 28.49 28.43 28.33 28.18 28.02 27.9 27.87
29.25 29.23 29.15 29.09 29.08 29.13 29.17 29.21 29.25 29.25 29.23 29.19 29.19 29.15 29.09 29.01 28.9 28.83 28.76 28.76 28.83 28.86 28.88 28.84 28.79 28.8 28.67 28.54 28.53 28.55 28.58 28.63 28.6 28.52 28.44 28.35 28.22 28.09 28.04 28.36 28.37 28.3 28.21 28.14 28.27 28.84 29.09 29.07 28.72 28.8 28.93 29.02 29.04 29.01 29.02 29.07 29.08 29.03 28.92 28.78 28.73 28.7 28.76 28.81 28.82 28.84 28.91 28.9 28.84 28.8 28.77 28.75 28.75 28.68 28.53 28.34 28.14 28.04
29.37 29.34 29.2 29.16 29.21 29.23 29.22 29.22 29.24 29.23 29.23 29.2 29.19 29.16 29.1 29.02 28.93 28.85 28.77 28.77 28.84 28.91 28.97 28.94 28.89 28.85 28.7 28.54 28.52 28.53 28.55 28.59 28.58 28.53 28.46 28.37 28.23 28.08 28 27.99 27.95 27.87 27.81 27.81 28.02 28.59 28.84 28.86 28.86 28.92 29.02 29.08 29.09 29.06 29.05 29.08 29.06 29 28.92 28.85 28.83 28.83 28.92 29 29.02 29.03 29.07 29.04 28.97 28.94 28.93 28.94 28.96 28.89 28.75 28.53 28.28 28.13
29.43 29.42 29.3 29.3 29.31 29.28 29.24 29.19 29.17 29.17 29.18 29.13 29.09 29.05 28.97 28.9 28.82 28.76 28.74 28.76 28.81 28.87 28.95 28.93 28.88 28.79 28.65 28.53 28.52 28.52 28.53 28.54 28.53 28.49 28.44 28.34 28.21 28.09 28.03 28.03 28.01 27.95 27.93 27.99 28.22 28.71 28.95 28.95 28.93 28.98 29.06 29.1 29.09 29.05 29.04 29.03 28.98 28.91 28.87 28.86 28.88 28.91 29.01 29.1 29.12 29.13 29.15 29.11 29.02 29 29.01 29.03 29.06 28.99 28.84 28.61 28.32 28.16
29.3 29.35 29.37 29.38 29.33 29.28 29.22 29.15 29.12 29.13 29.13 29.12 29.08 29.02 28.94 28.87 28.79 28.77 28.77 28.79 28.8 28.83 28.87 28.81 28.78 28.84 28.73 28.7 28.73 28.75 28.76 28.74 28.71 28.67 28.6 28.51 28.39 28.29 28.08 28.09 28.07 28.03 28.03 28.08 28.27 28.62 28.82 28.82 28.77 28.81 28.89 28.94 28.96 28.97 28.97 28.95 28.9 28.85 28.83 28.87 28.91 28.95 29.05 29.13 29.16 29.16 29.16 29.11 29 28.97 28.98 29.01 29.04 28.98 28.83 28.61 28.32 28.16
29.16 29.26 29.33 29.38 29.35 29.28 29.2 29.13 29.11 29.21 29.2 29.18 29.16 29.1 29.03 28.99 28.98 28.99 28.93 28.96 28.95 28.92 28.89 28.77 28.69 28.72 28.67 28.69 28.73 28.77 28.78 28.77 28.75 28.73 28.67 28.61 28.54 28.45 28.23 28.22 28.17 28.12 28.12 28.15 28.29 28.51 28.61 28.55 28.48 28.51 28.58 28.66 28.73 28.8 28.85 28.87 28.84 28.82 28.83 28.87 28.91 28.94 29.03 29.11 29.13 29.12 29.1 29.02 28.88 28.81 28.81 28.85 28.91 28.87 28.75 28.55 28.29 28.16
29.03 29.13 29.19 29.28 29.31 29.25 29.17 29.12 28.93 29.1 29.09 29.08 29.07 29.05 29.04 29.07 29.13 29.09 29.02 29.05 29.06 29 28.92 28.8 28.62 28.66 28.64 28.67 28.7 28.75 28.77 28.78 28.76 28.77 28.76 28.75 28.74 28.69 28.63 28.57 28.45 28.17 28.18 28.19 28.28 28.4 28.39 28.28 28.2 28.22 28.29 28.39 28.52 28.64 28.74 28.79 28.78 28.77 28.77 28.79 28.82 28.86 28.95 29.02 29.02 28.99 28.95 28.83 28.64 28.54 28.55 28.62 28.71 28.71 28.62 28.46 28.25 28.17
28.87 28.97 29.07 29.14 28.89 28.88 28.82 28.78 28.79 28.98 28.98 29 29.02 29.04 29.1 29.17 29.17 29.18 29.07 29.08 29.07 29 28.89 28.76 28.54 28.65 28.64 28.64 28.66 28.7 28.72 28.75 28.82 28.86 28.84 28.83 28.84 28.81 28.73 28.62 28.46 28.16 28.22 28.23 28.27 28.34 28.3 28.2 28.12 28.13 28.19 28.3 28.43 28.57 28.66 28.69 28.67 28.65 28.65 28.65 28.68 28.74 28.83 28.89 28.87 28.83 28.77 28.62 28.41 28.3 28.34 28.47 28.58 28.59 28.52 28.38 28.21 28.16
28.8 28.87 28.98 29.06 28.75 28.76 28.74 28.72 28.83 28.98 28.99 28.98 28.99 29.02 29.09 29.17 29.22 29.21 29.07 29.09 29.05 28.97 28.83 28.68 28.45 28.65 28.67 28.67 28.68 28.7 28.72 28.77 28.86 28.91 28.9 28.87 28.87 28.83 28.74 28.64 28.5 28.2 28.29 28.29 28.31 28.34 28.3 28.22 28.16 28.15 28.21 28.3 28.43 28.54 28.6 28.59 28.54 28.5 28.48 28.47 28.54 28.63 28.72 28.77 28.76 28.73 28.68 28.53 28.29 28.17 28.24 28.4 28.51 28.52 28.44 28.3 28.16 28.14
28.79 28.83 28.91 28.97 28.64 28.64 28.65 28.64 28.69 28.81 28.82 28.79 28.83 28.85 28.91 28.96 29.01 29.06 28.86 28.94 28.95 28.94 28.84 28.72 28.48 28.66 28.71 28.71 28.71 28.71 28.75 28.79 28.87 28.91 28.89 28.84 28.8 28.74 28.67 28.6 28.55 28.29 28.41 28.4 28.38 28.37 28.33 28.26 28.21 28.2 28.23 28.31 28.42 28.51 28.54 28.51 28.43 28.36 28.32 28.33 28.43 28.53 28.63 28.7 28.71 28.7 28.67 28.51 28.24 28.1 28.16 28.31 28.41 28.41 28.32 28.19 28.11 28.15
