10-06-2018.asc
ncols         226
nrows         194
xllcorner     76.715034484863
yllcorner     -9.2982788085938
cellsize      0.25
NODATA_value  -9999
[rows 68 to 101 of 194, columns 0 to 77 of 226]
-9999 -9999 -9999 -9999 -9999 -9999 -9999 -9999 -9999 -9999 -9999 -9999 -9999 -9999 -9999 -9999 -9999 -9999 -9999 -9999 -9999 -9999 -9999 -9999 -9999 -9999 -9999 -9999 -9999 -9999 -9999 -9999 -9999 -9999 -9999 -9999 -9999 -9999 -9999 -9999 -9999 -9999 -9999 -9999 -9999 -9999 -9999 -9999 -9999 -9999 -9999 -9999 -9999 -9999 -9999 -9999 30.26 30.33 30.42 30.46 30.39 -9999 -9999 -9999 -9999 -9999 -9999 -9999 -9999 -9999 -9999 -9999 -9999 -9999 -9999 -9999 -9999 -9999
-9999 -9999 -9999 -9999 -9999 -9999 -9999 -9999 -9999 -9999 -9999 -9999 -9999 -9999 -9999 -9999 -9999 -9999 -9999 -9999 -9999 -9999 -9999 -9999 -9999 -9999 -9999 -9999 -9999 -9999 -9999 -9999 -9999 -9999 -9999 -9999 -9999 -9999 -9999 -9999 -9999 -9999 -9999 -9999 -9999 -9999 -9999 -9999 -9999 -9999 -9999 -9999 30.31 30.23 30.19 30.27 30.34 30.39 30.45 30.44 30.37 -9999 -9999 -9999 -9999 -9999 -9999 -9999 -9999 -9999 -9999 -9999 -9999 -9999 -9999 -9999 -9999 -9999
-9999 -9999 -9999 -9999 -9999 -9999 -9999 -9999 -9999 -9999 -9999 -9999 -9999 -9999 -9999 -9999 -9999 -9999 -9999 -9999 -9999 -9999 -9999 -9999 -9999 -9999 -9999 -9999 -9999 -9999 -9999 -9999 -9999 -9999 -9999 -9999 -9999 -9999 -9999 -9999 -9999 -9999 30.24 30.22 30.22 30.18 30.09 -9999 -9999 29.86 30.05 30.21 30.35 30.34 30.32 30.36 30.36 30.4 30.38 30.32 30.2 -9999 -9999 -9999 -9999 -9999 -9999 -9999 -9999 -9999 -9999 -9999 -9999 -9999 -9999 -9999 -9999 -9999
-9999 -9999 -9999 -9999 -9999 -9999 -9999 -9999 -9999 -9999 -9999 -9999 -9999 -9999 -9999 -9999 -9999 -9999 -9999 -9999 -9999 -9999 -9999 -9999 -9999 -9999 -9999 -9999 -9999 -9999 -9999 -9999 -9999 -9999 -9999 -9999 -9999 -9999 -9999 -9999 -9999 30.24 30.23 30.19 30.17 30.13 30.04 29.95 29.89 29.92 30.1 30.28 30.4 30.42 30.43 30.41 30.37 30.31 30.22 30.07 29.9 -9999 -9999 -9999 -9999 -9999 -9999 -9999 -9999 -9999 -9999 -9999 -9999 -9999 -9999 -9999 -9999 -9999
-9999 -9999 -9999 -9999 -9999 -9999 -9999 -9999 -9999 -9999 -9999 -9999 -9999 -9999 -9999 -9999 -9999 -9999 -9999 -9999 -9999 -9999 -9999 -9999 -9999 -9999 -9999 -9999 -9999 -9999 -9999 -9999 -9999 -9999 -9999 -9999 -9999 -9999 -9999 -9999 30.34 30.23 30.19 30.12 30.09 30.04 29.98 29.94 29.92 29.96 30.12 30.28 30.36 30.4 30.42 30.4 30.29 30.12 29.97 29.76 29.56 29.41 -9999 -9999 -9999 -9999 -9999 -9999 -9999 -9999 -9999 -9999 -9999 -9999 -9999 -9999 -9999 -9999
-9999 -9999 -9999 -9999 -9999 -9999 -9999 -9999 -9999 -9999 -9999 -9999 -9999 -9999 -9999 -9999 -9999 -9999 -9999 -9999 -9999 -9999 -9999 -9999 -9999 -9999 -9999 -9999 -9999 -9999 -9999 -9999 -9999 -9999 -9999 -9999 -9999 -9999 -9999 -9999 -9999 30.14 30.13 30.06 30.04 30.02 29.99 29.99 30.01 30.08 30.18 30.24 30.28 30.27 30.25 30.23 30.1 29.9 29.69 29.52 29.41 29.42 -9999 -9999 -9999 -9999 -9999 -9999 -9999 -9999 -9999 -9999 -9999 -9999 -9999 -9999 -9999 -9999
-9999 -9999 -9999 -9999 -9999 -9999 -9999 -9999 -9999 -9999 -9999 -9999 -9999 -9999 -9999 -9999 -9999 -9999 -9999 -9999 -9999 -9999 -9999 -9999 -9999 -9999 -9999 -9999 -9999 -9999 -9999 -9999 -9999 -9999 -9999 -9999 -9999 -9999 -9999 -9999 30.2 30.06 30.07 30 30 30 29.99 30.03 30.09 30.12 30.18 30.17 30.15 30.14 30.09 30.06 29.9 29.71 29.56 29.43 29.4 29.51 29.65 -9999 -9999 -9999 -9999 -9999 -9999 -9999 -9999 -9999 -9999 -9999 -9999 -9999 -9999 -9999
-9999 -9999 -9999 -9999 -9999 -9999 -9999 -9999 -9999 -9999 -9999 -9999 -9999 -9999 -9999 -9999 -9999 -9999 -9999 -9999 -9999 -9999 -9999 -9999 -9999 -9999 -9999 -9999 -9999 -9999 -9999 -9999 -9999 -9999 -9999 -9999 -9999 -9999 -9999 -9999 30.27 30.06 30.05 29.99 29.99 29.94 29.91 29.94 30.04 30.08 30.09 30.04 30 29.98 30 29.92 29.79 29.65 29.54 29.45 29.44 29.54 29.68 29.73 -9999 -9999 -9999 -9999 -9999 -9999 -9999 -9999 -9999 -9999 -9999 -9999 -9999 -9999
-9999 -9999 -9999 -9999 -9999 -9999 -9999 -9999 -9999 -9999 -9999 -9999 -9999 -9999 -9999 -9999 -9999 -9999 -9999 -9999 -9999 -9999 -9999 -9999 -9999 -9999 -9999 -9999 -9999 -9999 -9999 -9999 -9999 -9999 -9999 -9999 -9999 -9999 -9999 30.31 30.26 30.04 29.95 29.9 29.89 29.83 29.79 29.83 29.86 29.87 29.9 29.91 29.94 29.95 29.91 29.83 29.75 29.67 29.58 29.51 29.48 29.55 29.62 29.68 29.74 -9999 -9999 -9999 -9999 -9999 -9999 -9999 -9999 -9999 -9999 -9999 -9999 -9999
-9999 -9999 -9999 -9999 -9999 -9999 -9999 -9999 -9999 -9999 -9999 -9999 -9999 -9999 -9999 -9999 -9999 -9999 -9999 -9999 -9999 -9999 -9999 -9999 -9999 -9999 -9999 -9999 -9999 -9999 -9999 -9999 -9999 -9999 29.87 -9999 -9999 30.14 30.05 30.28 30.24 30.03 29.91 29.86 29.82 29.75 29.7 29.69 29.68 29.68 29.71 29.72 29.77 29.79 29.79 29.74 29.67 29.62 29.6 29.55 29.52 29.53 29.55 29.6 29.71 29.78 29.79 -9999 -9999 -9999 -9999 -9999 -9999 -9999 -9999 -9999 -9999 -9999
-9999 -9999 -9999 -9999 -9999 -9999 -9999 -9999 -9999 -9999 -9999 -9999 -9999 -9999 -9999 -9999 -9999 -9999 -9999 -9999 -9999 -9999 -9999 -9999 -9999 -9999 -9999 -9999 -9999 -9999 -9999 -9999 -9999 -9999 29.84 29.97 30.13 30.13 30.02 30.07 30.07 30.08 29.94 29.91 29.82 29.74 29.7 29.67 29.64 29.61 29.59 29.57 29.63 29.68 29.68 29.61 29.55 29.54 29.58 29.58 29.54 29.52 29.52 29.54 29.64 29.75 29.76 29.77 -9999 -9999 -9999 -9999 -9999 -9999 -9999 -9999 -9999 -9999
-9999 -9999 -9999 -9999 -9999 -9999 -9999 -9999 -9999 -9999 -9999 -9999 -9999 -9999 -9999 -9999 -9999 -9999 -9999 -9999 -9999 -9999 -9999 -9999 -9999 -9999 -9999 -9999 -9999 -9999 -9999 -9999 -9999 29.84 29.93 30.06 30.18 30.17 30.12 30.11 30.1 30.18 30.07 30.04 29.92 29.82 29.79 29.8 29.76 29.69 29.59 29.55 29.58 29.61 29.61 29.52 29.47 29.45 29.51 29.56 29.55 29.55 29.54 29.53 29.61 29.72 29.77 -9999 -9999 -9999 -9999 -9999 -9999 -9999 -9999 -9999 -9999 -9999
-9999 -9999 -9999 -9999 -9999 -9999 -9999 -9999 -9999 -9999 -9999 -9999 -9999 -9999 -9999 -9999 -9999 -9999 -9999 -9999 -9999 -9999 -9999 -9999 -9999 -9999 -9999 -9999 -9999 -9999 -9999 -9999 29.75 29.89 30.11 30.26 30.35 30.31 30.24 30.18 30.18 30.39 30.3 30.2 30.04 29.96 29.92 29.96 29.92 29.85 29.72 29.61 29.62 29.65 29.61 29.53 29.44 29.4 29.42 29.51 29.56 29.6 29.6 29.58 29.65 29.75 29.79 29.8 -9999 -9999 -9999 -9999 -9999 -9999 -9999 -9999 -9999 -9999
-9999 -9999 -9999 -9999 -9999 -9999 -9999 -9999 -9999 -9999 -9999 -9999 -9999 -9999 -9999 -9999 -9999 -9999 -9999 -9999 -9999 -9999 -9999 -9999 -9999 -9999 -9999 -9999 -9999 -9999 -9999 29.82 29.88 30.11 30.35 30.49 30.54 30.49 30.38 30.29 30.29 30.52 30.42 30.31 30.11 30.04 29.99 30.07 30.03 29.96 29.82 29.75 29.73 29.72 29.66 29.55 29.42 29.39 29.44 29.55 29.66 29.7 29.68 29.64 29.67 29.71 29.74 29.8 29.87 -9999 -9999 -9999 -9999 -9999 -9999 -9999 -9999 -9999
-9999 -9999 -9999 -9999 -9999 -9999 -9999 -9999 -9999 -9999 -9999 -9999 -9999 -9999 -9999 -9999 -9999 -9999 -9999 -9999 -9999 -9999 -9999 -9999 -9999 -9999 -9999 -9999 -9999 -9999 30.09 30.06 30.17 30.33 30.52 30.62 30.64 30.6 30.5 30.4 30.41 30.63 30.51 30.38 30.16 30.08 30.01 30.09 30.05 29.96 29.82 29.75 29.73 29.73 29.64 29.55 29.52 29.52 29.61 29.73 29.84 29.86 29.81 29.72 29.67 29.66 29.71 29.82 29.95 30.11 -9999 -9999 -9999 -9999 -9999 -9999 -9999 -9999
-9999 -9999 -9999 -9999 -9999 -9999 -9999 -9999 -9999 -9999 -9999 -9999 -9999 -9999 -9999 -9999 -9999 -9999 -9999 -9999 -9999 -9999 -9999 -9999 -9999 -9999 -9999 -9999 -9999 30.29 30.23 30.3 30.38 30.45 30.53 30.59 30.61 30.61 30.58 30.5 30.5 30.68 30.53 30.38 30.15 30.09 29.99 30.08 30.06 29.96 29.83 29.76 29.73 29.74 29.65 29.6 29.62 29.67 29.82 29.95 30.03 30.06 29.98 29.84 29.74 29.71 29.77 29.89 29.99 30.14 30.13 -9999 -9999 -9999 -9999 -9999 -9999 -9999
-9999 -9999 -9999 -9999 -9999 -9999 -9999 -9999 -9999 -9999 -9999 -9999 -9999 -9999 -9999 -9999 -9999 -9999 -9999 -9999 -9999 -9999 -9999 -9999 -9999 -9999 -9999 -9999 30.29 30.31 30.34 30.4 30.44 30.46 30.51 30.57 30.61 30.63 30.63 30.59 30.57 30.7 30.52 30.37 30.11 30.08 30 30.11 30.11 30.05 29.93 29.83 29.74 29.7 29.67 29.77 29.81 29.91 30.03 30.14 30.2 30.19 30.12 29.98 29.85 29.77 29.8 29.9 29.98 30.14 30.12 -9999 -9999 -9999 -9999 -9999 -9999 -9999
-9999 -9999 -9999 -9999 -9999 -9999 -9999 -9999 -9999 -9999 -9999 -9999 -9999 -9999 -9999 -9999 -9999 -9999 -9999 -9999 -9999 -9999 -9999 -9999 -9999 -9999 -9999 30.34 30.29 30.31 30.35 30.39 30.42 30.42 30.47 30.53 30.6 30.61 30.54 30.66 30.6 30.68 30.51 30.36 30.11 30.11 30.05 30.14 30.16 30.11 30.04 29.95 29.87 29.84 29.84 29.91 30.04 30.13 30.19 30.25 30.26 30.23 30.19 30.1 30 29.91 29.91 30.01 30.05 30.2 30.16 -9999 -9999 -9999 -9999 -9999 -9999 -9999
-9999 -9999 -9999 -9999 -9999 -9999 -9999 -9999 -9999 -9999 -9999 -9999 -9999 -9999 -9999 -9999 -9999 -9999 -9999 -9999 -9999 -9999 -9999 -9999 -9999 -9999 30.42 30.36 30.32 30.29 30.33 30.37 30.39 30.39 30.42 30.46 30.51 30.44 30.47 30.65 30.6 30.66 30.48 30.33 30.13 30.08 30.09 30.2 30.26 30.28 30.24 30.18 30.11 30.08 30.1 30.21 30.31 30.33 30.32 30.31 30.24 30.19 30.19 30.16 30.1 30 29.99 30.06 30.07 30.18 30.15 -9999 -9999 -9999 -9999 -9999 -9999 -9999
-9999 -9999 -9999 -9999 -9999 -9999 -9999 -9999 -9999 -9999 -9999 -9999 -9999 -9999 -9999 -9999 -9999 -9999 -9999 -9999 -9999 -9999 -9999 -9999 30.47 30.45 30.37 30.33 30.28 30.23 30.25 30.29 30.34 30.35 30.36 30.36 30.39 30.31 30.33 30.63 30.42 30.45 30.33 30.2 30.07 30.11 30.16 30.34 30.41 30.49 30.51 30.46 30.44 30.44 30.43 30.49 30.54 30.5 30.43 30.37 30.23 30.13 30.1 30.09 30.04 29.95 29.9 29.97 29.93 29.99 30.05 30.01 -9999 -9999 -9999 -9999 -9999 -9999
-9999 -9999 -9999 -9999 -9999 -9999 -9999 -9999 -9999 -9999 -9999 -9999 -9999 -9999 -9999 -9999 -9999 -9999 -9999 -9999 -9999 -9999 30.57 30.39 30.3 30.28 30.26 30.23 30.19 30.16 30.18 30.24 30.3 30.33 30.31 30.26 30.12 30.22 30.26 30.83 30.59 30.53 30.43 30.33 30.36 30.35 30.46 30.59 30.71 30.75 30.77 30.73 30.71 30.74 30.7 30.69 30.66 30.6 30.5 30.39 30.23 30.1 30.02 30 29.97 29.9 29.87 29.94 29.89 29.92 29.95 -9999 -9999 -9999 -9999 -9999 -9999 -9999
-9999 -9999 -9999 -9999 -9999 -9999 -9999 -9999 -9999 -9999 -9999 -9999 -9999 -9999 -9999 -9999 -9999 -9999 -9999 -9999 -9999 -9999 30.46 30.26 30.15 30.13 30.12 30.1 30.07 30.07 30.11 30.21 30.29 30.28 30.21 30.09 29.94 30.1 30.19 30.53 30.46 30.68 30.61 30.57 30.55 30.57 30.7 30.83 30.91 30.98 30.98 30.96 30.96 30.91 30.81 30.68 30.57 30.52 30.46 30.38 30.23 30.08 29.97 29.93 29.89 29.86 29.91 30.03 30 29.95 29.93 -9999 -9999 -9999 -9999 -9999 -9999 -9999
-9999 -9999 -9999 -9999 -9999 -9999 -9999 -9999 -9999 -9999 -9999 -9999 -9999 -9999 -9999 -9999 -9999 -9999 -9999 -9999 -9999 -9999 30.38 30.19 30.06 30 29.98 29.96 29.97 30.01 30.08 30.22 30.35 30.34 30.23 30.1 30.01 30.09 30.23 30.58 30.49 30.63 30.76 30.71 30.66 30.68 30.82 30.95 31.02 31.06 31.1 31.12 31.09 30.96 30.77 30.56 30.45 30.41 30.41 30.37 30.24 30.08 29.96 29.91 29.89 29.91 30.01 30.18 30.21 30.15 29.98 -9999 -9999 -9999 -9999 -9999 -9999 -9999
-9999 -9999 -9999 -9999 -9999 -9999 -9999 -9999 -9999 -9999 -9999 -9999 -9999 -9999 -9999 -9999 -9999 -9999 30.94 30.8 30.65 30.51 30.33 30.17 30.04 29.96 29.92 29.9 29.92 30 30.18 30.32 30.41 30.35 30.22 30.07 29.96 30.05 30.19 30.5 30.54 30.69 30.85 30.8 30.72 30.73 30.84 30.93 30.98 31.01 31.04 31.04 31 30.88 30.68 30.48 30.36 30.32 30.33 30.3 30.22 30.12 30.04 29.98 30 30.03 30.13 30.3 30.42 30.39 -9999 -9999 -9999 -9999 -9999 -9999 -9999 -9999
-9999 -9999 -9999 -9999 -9999 -9999 -9999 -9999 -9999 -9999 -9999 -9999 -9999 -9999 -9999 -9999 -9999 -9999 30.74 30.6 30.5 30.42 30.29 30.17 30.08 30 29.93 29.92 29.96 30.08 30.24 30.34 30.38 30.3 30.12 29.97 29.92 30.02 30.17 30.36 30.47 30.59 30.75 30.74 30.69 30.68 30.75 30.81 30.85 30.88 30.9 30.9 30.84 30.74 30.59 30.43 30.31 30.26 30.24 30.2 30.15 30.11 30.09 30.07 30.1 30.15 30.19 30.32 30.44 30.45 -9999 -9999 -9999 -9999 -9999 -9999 29.84 29.84
-9999 -9999 -9999 -9999 -9999 -9999 -9999 -9999 -9999 -9999 -9999 -9999 -9999 -9999 -9999 30.93 -9999 30.66 30.56 30.41 30.32 30.32 30.29 30.24 30.16 30.05 29.99 30 30.05 30.08 30.21 30.25 30.24 30.14 29.99 29.89 29.85 29.95 30.1 30.31 30.46 30.55 30.62 30.61 30.55 30.53 30.57 30.65 30.67 30.68 30.69 30.66 30.63 30.58 30.5 30.41 30.28 30.21 30.21 30.11 30.08 30.09 30.09 30.08 30.13 30.14 30.12 30.21 30.35 30.39 30.46 30.5 -9999 -9999 -9999 29.93 29.79 29.74
-9999 -9999 -9999 -9999 -9999 -9999 -9999 -9999 -9999 -9999 -9999 -9999 -9999 -9999 30.88 30.73 30.54 30.46 30.39 30.31 30.27 30.29 30.33 30.31 30.21 30.1 30.05 30.06 30.11 30.07 30.04 30.06 30.02 29.93 29.85 29.79 29.8 29.91 30.03 30.26 30.44 30.44 30.45 30.4 30.39 30.36 30.41 30.46 30.48 30.45 30.42 30.38 30.37 30.37 30.35 30.32 30.24 30.17 30.21 30.06 30.01 30.04 30.08 30.08 30.1 30.08 30.02 30.05 30.16 30.23 30.3 30.35 30.36 30.27 30.11 29.91 29.75 29.68
-9999 -9999 -9999 -9999 -9999 -9999 -9999 -9999 -9999 -9999 -9999 -9999 -9999 30.54 30.56 30.45 30.34 30.3 30.32 30.3 30.33 30.39 30.42 30.32 30.21 30.12 30.08 30.11 30.12 30.06 29.97 29.88 29.83 29.76 29.72 29.73 29.79 29.9 30.03 30.19 30.37 30.4 30.33 30.27 30.25 30.26 30.32 30.35 30.34 30.28 30.17 30.09 30.09 30.11 30.16 30.2 30.16 30.12 30.21 30.03 29.96 30 30.07 30.11 30.08 30.04 29.93 29.92 29.99 30.07 30.11 30.13 30.14 30.09 29.98 29.87 29.74 29.66
-9999 -9999 -9999 -9999 -9999 -9999 -9999 -9999 -9999 -9999 -9999 -9999 -9999 30.32 30.29 30.21 30.19 30.23 30.3 30.35 30.44 30.49 30.45 30.31 30.2 30.12 30.11 30.15 30.16 30.09 29.97 29.79 29.74 29.67 29.67 29.73 29.79 29.89 30.02 30.13 30.25 30.25 30.2 30.15 30.14 30.16 30.23 30.28 30.23 30.11 29.95 29.87 29.88 29.94 30.08 30.21 30.16 30.14 30.25 30.05 29.96 29.99 30.05 30.13 30.13 30.06 29.94 29.88 29.89 29.93 29.94 29.91 29.88 29.83 29.75 29.67 29.59 29.53
-9999 -9999 -9999 -9999 -9999 -9999 -9999 -9999 -9999 -9999 -9999 -9999 -9999 30.19 30.15 30.09 30.13 30.22 30.33 30.4 30.52 30.49 30.38 30.22 30.12 30.05 30.08 30.16 30.19 30.12 29.98 29.78 29.7 29.72 29.69 29.7 29.75 29.81 29.91 30.03 30.1 30.13 30.11 30.08 30.06 30.07 30.14 30.17 30.13 29.99 29.84 29.74 29.73 29.79 29.96 30.08 30.04 30.02 30.14 29.99 29.9 29.96 30.01 30.18 30.16 30.06 29.91 29.86 29.85 29.89 29.86 29.73 29.63 29.54 29.46 29.37 29.33 29.3
-9999 -9999 -9999 -9999 -9999 -9999 -9999 -9999 -9999 -9999 -9999 -9999 -9999 -9999 30.09 30.02 30.11 30.22 30.33 30.38 30.46 30.39 30.27 30.12 30.01 30.03 30.04 30.13 30.18 30.14 30.01 29.86 29.8 29.72 29.66 29.69 29.69 29.71 29.76 29.88 30.02 30.1 30.12 30.04 30.01 30.03 30.06 30.07 30.03 29.92 29.82 29.7 29.65 29.69 29.81 29.93 29.87 29.82 29.95 29.88 29.74 29.84 29.9 30.13 30.12 30.03 29.88 29.86 29.87 29.9 29.81 29.57 29.39 29.29 29.2 29.14 29.14 29.15
-9999 -9999 -9999 -9999 -9999 -9999 -9999 -9999 -9999 -9999 -9999 -9999 -9999 -9999 30.03 29.96 30.05 30.16 30.26 30.33 30.31 30.18 30.09 29.97 29.93 29.97 30.01 30.08 30.15 30.12 30.01 29.88 29.79 29.73 29.66 29.63 29.59 29.53 29.59 29.74 29.92 30.03 30.07 30.04 29.97 29.98 30 30.01 29.97 29.89 29.8 29.67 29.58 29.56 29.62 29.72 29.68 29.61 29.74 29.71 29.61 29.73 29.81 30.09 30.12 30.06 29.89 29.86 29.89 29.9 29.76 29.47 29.25 29.12 29.02 28.98 29.01 29.05
-9999 -9999 -9999 -9999 -9999 -9999 -9999 -9999 -9999 -9999 -9999 -9999 -9999 30.01 29.97 29.92 30 30.1 30.2 30.22 30.21 30 29.97 29.85 29.86 29.9 29.94 30.01 30.08 30.09 30.01 29.92 29.84 29.75 29.62 29.52 29.45 29.38 29.45 29.6 29.77 29.91 29.98 29.97 29.88 29.86 29.86 29.87 29.87 29.83 29.78 29.65 29.53 29.45 29.46 29.51 29.53 29.49 29.57 29.63 29.55 29.7 29.73 29.99 29.98 29.91 29.72 29.75 29.78 29.83 29.68 29.43 29.17 29 28.89 28.86 28.92 28.99
-9999 -9999 -9999 -9999 -9999 -9999 -9999 -9999 -9999 -9999 -9999 -9999 -9999 -9999 29.92 29.92 29.99 30.06 30.14 30.18 30.16 29.91 29.88 29.77 29.75 29.77 29.81 29.9 29.96 29.94 29.88 29.8 29.72 29.63 29.53 29.45 29.39 29.34 29.38 29.5 29.62 29.78 29.84 29.84 29.74 29.7 29.67 29.7 29.78 29.79 29.74 29.64 29.51 29.43 29.4 29.42 29.47 29.45 29.51 29.63 29.43 29.51 29.69 29.94 29.87 29.82 29.68 29.75 29.78 29.82 29.66 29.39 29.12 28.95 28.84 28.82 28.87 28.94
