10-06-2018.asc
ncols         226
nrows         194
xllcorner     76.715034484863
yllcorner     -9.2982788085938
cellsize      0.25
NODATA_value  -9999
[rows 136 to 169 of 194, columns 78 to 155 of 226]
-9999 -9999 -9999 -9999 -9999 29.23 29.23 29.28 29.29 29.24 29.2 29.2 29.24 29.27 29.22 29.21 29.19 -9999 -9999 -9999 -9999 -9999 -9999 -9999 -9999 -9999 -9999 -9999 29.57 29.54 29.54 29.57 29.51 29.78 29.89 30.01 30.44 30.61 30.78 30.92 30.93 30.8 30.56 30.45 30.32 29.81 29.69 29.6 29.58 29.65 29.79 29.86 29.76 29.71 29.72 29.75 28.92 28.76 28.6 28.51 28.46 28.48 28.51 28.55 28.63 29.46 29.43 29.41 29.23 29.04 28.94 28.93 29.05 29.3 29.69 30.03 30.08 -9999
-9999 -9999 -9999 -9999 -9999 -9999 29.19 29.31 29.41 29.36 29.31 29.28 29.27 29.26 29.19 29.18 29.17 29.21 -9999 -9999 -9999 -9999 -9999 -9999 -9999 -9999 -9999 -9999 29.5 29.49 29.51 29.56 29.49 29.76 29.78 29.92 30.36 30.6 30.83 31.02 31.05 30.88 30.57 30.37 30.19 29.67 29.55 29.3 29.29 29.38 29.5 29.55 29.43 29.4 29.4 29.44 28.89 28.76 28.65 28.6 28.61 28.64 28.66 28.69 28.76 29.49 29.49 29.51 29.35 29.16 29.07 29.01 29.07 29.19 -9999 30.16 -9999 -9999
-9999 -9999 -9999 -9999 -9999 -9999 -9999 29.42 29.61 29.58 29.53 29.49 29.43 29.37 29.28 29.27 29.26 29.29 -9999 -9999 -9999 -9999 -9999 -9999 -9999 -9999 -9999 -9999 -9999 29.6 29.66 29.72 29.61 29.82 29.81 29.96 30.38 30.67 30.96 31.16 31.17 30.89 30.46 30.17 29.98 29.49 29.37 29.1 29.08 29.15 29.25 29.32 29.33 29.32 29.31 29.32 28.88 28.76 28.68 28.67 28.72 28.79 28.83 28.88 28.96 29.56 29.55 29.61 29.52 29.39 29.31 29.11 29.08 -9999 -9999 -9999 -9999 -9999
-9999 -9999 -9999 -9999 -9999 -9999 -9999 -9999 29.9 29.81 29.77 29.7 29.58 29.48 29.36 29.34 29.33 29.36 -9999 -9999 -9999 -9999 -9999 -9999 -9999 -9999 -9999 -9999 -9999 29.68 29.74 29.8 29.66 29.82 29.8 29.95 30.34 30.63 30.93 31.14 31.16 30.86 30.4 30.12 29.96 29.55 29.46 29.19 29.16 29.18 29.23 29.25 29.29 29.29 29.26 29.25 29.45 29.43 29.44 29.5 29.61 29.7 29.72 29.72 29.69 29.65 29.64 29.74 29.76 29.73 29.71 -9999 -9999 -9999 -9999 -9999 -9999 -9999
-9999 -9999 -9999 -9999 -9999 -9999 -9999 -9999 30.06 29.97 29.93 29.85 29.7 29.56 29.44 29.42 29.42 29.44 -9999 -9999 -9999 -9999 -9999 -9999 -9999 -9999 -9999 -9999 -9999 29.74 29.79 29.83 29.66 29.79 29.77 29.92 30.26 30.55 30.84 31.04 31.05 30.76 30.3 30.05 29.94 29.63 29.57 29.3 29.26 29.24 29.24 29.24 29.27 29.28 29.25 29.23 29.43 29.39 29.4 29.47 29.59 29.71 29.77 29.81 29.8 29.76 29.76 29.87 29.94 29.95 29.92 -9999 -9999 -9999 -9999 -9999 -9999 -9999
29.12 -9999 -9999 -9999 -9999 -9999 -9999 -9999 -9999 -9999 29.94 29.87 29.73 29.6 29.5 29.47 29.48 29.51 -9999 -9999 -9999 -9999 -9999 -9999 -9999 -9999 -9999 -9999 29.58 29.73 29.78 29.81 29.63 29.74 29.71 29.87 30.06 30.3 30.54 30.7 30.68 30.37 29.93 29.71 29.71 29.69 29.65 29.38 29.34 29.3 29.27 29.25 29.27 29.27 29.24 29.22 29.42 29.38 29.4 29.47 29.57 29.69 29.78 29.86 29.89 29.87 29.88 29.96 30.02 30.01 -9999 -9999 -9999 -9999 -9999 -9999 -9999 -9999
29.03 29.04 29.08 -9999 -9999 -9999 -9999 -9999 -9999 -9999 -9999 29.77 29.67 29.57 29.5 29.47 29.45 29.5 29.6 29.57 -9999 -9999 -9999 -9999 -9999 -9999 -9999 -9999 29.58 29.7 29.73 29.74 29.58 29.67 29.64 29.78 29.95 30.16 30.39 30.52 30.49 30.19 29.8 29.64 29.68 29.71 29.69 29.43 29.4 29.35 29.3 29.27 29.27 29.26 29.23 29.2 29.42 29.41 29.43 29.48 29.55 29.65 29.75 29.86 29.93 29.94 29.97 30.04 30.08 -9999 -9999 -9999 -9999 -9999 -9999 -9999 -9999 -9999
28.91 28.98 29.06 29.11 -9999 -9999 -9999 -9999 -9999 -9999 -9999 -9999 29.61 29.56 29.49 29.47 29.45 29.49 29.58 29.53 -9999 -9999 -9999 -9999 -9999 -9999 -9999 -9999 -9999 29.67 29.68 29.7 29.57 29.65 29.63 29.73 29.84 29.97 30.12 30.2 30.15 29.87 29.54 29.51 29.6 29.67 29.68 29.47 29.46 29.43 29.38 29.32 29.28 29.25 29.21 29.2 29.42 29.44 29.48 29.51 29.54 29.62 29.7 29.81 29.91 29.95 30 30.07 -9999 -9999 -9999 -9999 -9999 -9999 -9999 -9999 -9999 -9999
28.78 28.89 29 29.07 -9999 -9999 -9999 -9999 -9999 -9999 -9999 -9999 -9999 -9999 29.47 29.48 29.48 29.53 29.58 29.51 29.43 -9999 -9999 -9999 -9999 -9999 -9999 -9999 -9999 29.6 29.63 29.65 29.56 29.63 29.59 29.65 29.7 29.76 29.85 29.91 29.87 29.64 29.38 29.42 29.51 29.6 29.66 29.54 29.57 29.55 29.48 29.39 29.32 29.25 29.21 29.21 29.43 29.48 29.53 29.55 29.56 29.6 29.65 29.74 29.87 29.92 29.96 -9999 -9999 -9999 -9999 -9999 -9999 -9999 -9999 -9999 -9999 -9999
28.66 28.78 28.9 29 29.03 29.04 -9999 -9999 -9999 -9999 -9999 -9999 -9999 -9999 -9999 29.5 29.53 29.6 29.61 29.53 29.44 -9999 -9999 -9999 -9999 -9999 -9999 -9999 -9999 29.58 29.61 29.64 29.59 29.57 29.53 29.56 29.57 29.58 29.66 29.71 29.67 29.44 29.28 29.36 29.42 29.51 29.6 29.57 29.63 29.63 29.56 29.47 29.37 29.29 29.24 29.24 29.45 29.51 29.56 29.58 29.57 29.59 29.61 29.65 -9999 -9999 -9999 -9999 -9999 -9999 -9999 -9999 -9999 -9999 -9999 -9999 -9999 -9999
28.57 28.69 28.81 28.91 28.97 28.99 -9999 -9999 -9999 -9999 -9999 -9999 -9999 -9999 -9999 -9999 29.65 29.68 29.65 29.56 29.41 29.18 -9999 -9999 -9999 -9999 -9999 -9999 -9999 -9999 29.62 29.57 29.55 29.56 29.6 29.62 29.62 29.6 29.67 29.71 29.64 29.42 29.23 29.3 29.33 29.4 29.51 29.66 29.76 29.81 29.78 29.72 29.63 29.55 29.47 29.44 29.48 29.55 29.59 29.61 -9999 -9999 -9999 -9999 -9999 -9999 -9999 -9999 -9999 -9999 -9999 -9999 -9999 -9999 -9999 -9999 -9999 -9999
28.55 28.64 28.74 28.83 28.89 28.92 -9999 -9999 -9999 -9999 -9999 -9999 -9999 -9999 -9999 -9999 29.63 29.65 29.64 29.57 29.42 29.12 28.91 28.8 -9999 -9999 -9999 -9999 -9999 -9999 -9999 28.97 28.95 29.03 29.13 29.21 29.29 29.32 29.6 29.64 29.57 29.41 29.23 29.26 29.25 29.31 29.43 29.57 29.66 29.71 29.71 29.69 29.64 29.59 29.53 29.5 29.54 29.6 29.63 29.63 -9999 -9999 -9999 -9999 -9999 -9999 -9999 -9999 -9999 -9999 -9999 -9999 -9999 -9999 -9999 -9999 -9999 -9999
28.54 28.62 28.7 28.78 28.84 28.88 28.93 28.98 -9999 -9999 -9999 -9999 -9999 -9999 -9999 -9999 -9999 -9999 -9999 -9999 29.4 29.13 28.93 28.79 28.72 -9999 -9999 -9999 -9999 -9999 -9999 28.77 28.76 28.82 28.91 28.98 29.08 29.15 29.51 29.51 29.41 29.28 29.19 29.23 29.23 29.28 29.4 29.51 29.6 29.66 29.68 29.67 29.66 29.64 29.6 29.59 29.62 29.66 29.67 29.66 -9999 -9999 -9999 -9999 -9999 -9999 -9999 -9999 -9999 -9999 -9999 -9999 -9999 -9999 -9999 -9999 -9999 -9999
28.52 28.6 28.67 28.75 28.81 28.87 28.94 29.03 29.14 29.19 -9999 -9999 -9999 -9999 -9999 -9999 -9999 -9999 -9999 -9999 -9999 -9999 28.96 28.84 28.74 28.8 28.84 -9999 -9999 -9999 -9999 28.69 28.66 28.68 28.78 28.82 28.9 29 29.4 29.36 29.23 29.16 29.16 29.17 29.17 29.23 29.36 29.47 29.57 29.64 29.67 29.67 29.66 -9999 29.59 29.6 29.63 29.65 29.66 29.65 -9999 -9999 -9999 -9999 -9999 -9999 -9999 -9999 -9999 -9999 -9999 -9999 -9999 -9999 -9999 -9999 -9999 -9999
28.48 28.56 28.64 28.72 28.79 28.86 28.95 29.05 29.15 29.2 -9999 -9999 -9999 -9999 -9999 -9999 -9999 -9999 -9999 -9999 -9999 -9999 29.03 28.9 28.77 28.78 28.85 28.98 -9999 -9999 -9999 -9999 28.57 28.56 28.63 28.64 28.73 28.86 29.3 29.25 29.13 29.1 29.16 29.18 29.2 29.21 29.31 29.42 29.52 29.6 29.65 29.67 -9999 -9999 -9999 -9999 -9999 29.62 29.64 -9999 -9999 -9999 -9999 -9999 -9999 -9999 -9999 -9999 -9999 -9999 -9999 -9999 -9999 -9999 -9999 -9999 -9999 -9999
28.43 28.51 28.6 28.69 28.77 28.85 28.95 29.05 29.14 29.19 29.2 -9999 -9999 -9999 -9999 -9999 -9999 -9999 -9999 -9999 -9999 -9999 -9999 -9999 -9999 28.75 28.85 29.05 29.29 -9999 -9999 28.49 28.46 28.43 28.45 28.42 28.51 28.65 29.14 29.13 29.04 29.04 29.12 29.15 29.16 29.18 29.25 29.34 29.43 29.51 29.55 -9999 -9999 -9999 -9999 -9999 -9999 -9999 -9999 -9999 -9999 -9999 -9999 -9999 -9999 -9999 -9999 -9999 -9999 -9999 -9999 -9999 -9999 -9999 -9999 -9999 -9999 -9999
28.38 28.47 28.57 28.66 28.75 28.84 28.93 29.02 29.09 29.12 29.12 -9999 -9999 -9999 -9999 -9999 -9999 -9999 -9999 -9999 -9999 -9999 -9999 -9999 -9999 28.77 28.89 29.12 29.28 28.8 -9999 -9999 28.43 28.38 28.34 28.27 28.34 28.49 29.02 29.05 29.01 29.03 29.1 29.1 29.11 29.14 29.19 29.27 29.34 29.4 29.44 -9999 -9999 -9999 -9999 -9999 -9999 -9999 -9999 -9999 -9999 -9999 -9999 -9999 -9999 -9999 -9999 -9999 -9999 -9999 -9999 -9999 -9999 -9999 -9999 -9999 -9999 -9999
28.32 28.42 28.53 28.63 28.72 28.8 28.88 28.94 28.98 28.98 28.97 -9999 -9999 -9999 -9999 -9999 -9999 -9999 -9999 -9999 -9999 -9999 -9999 -9999 -9999 -9999 -9999 29.25 29.34 28.83 -9999 28.6 28.51 28.45 28.38 28.28 28.32 28.47 28.99 29.05 29.04 29.06 29.12 29.1 29.09 29.14 29.19 29.26 29.31 29.35 29.36 -9999 -9999 -9999 -9999 -9999 -9999 -9999 -9999 -9999 -9999 -9999 -9999 -9999 -9999 -9999 -9999 -9999 -9999 -9999 -9999 -9999 -9999 -9999 -9999 -9999 -9999 -9999
28.21 28.31 28.43 28.55 28.66 28.73 28.79 28.82 28.83 28.8 28.76 28.66 -9999 -9999 -9999 -9999 -9999 -9999 -9999 -9999 -9999 -9999 -9999 -9999 -9999 -9999 -9999 -9999 29.34 28.81 28.67 28.57 28.49 28.43 28.33 28.24 28.28 28.46 28.95 29.03 29.04 29.06 29.13 29.09 29.08 29.12 29.16 29.21 29.26 29.27 29.27 -9999 -9999 -9999 -9999 -9999 -9999 -9999 -9999 -9999 -9999 -9999 -9999 -9999 -9999 -9999 -9999 -9999 -9999 -9999 -9999 -9999 -9999 -9999 -9999 -9999 -9999 -9999
28.02 28.13 28.27 28.43 28.56 28.64 28.69 28.7 28.68 28.64 28.6 28.57 -9999 -9999 -9999 -9999 -9999 -9999 -9999 -9999 -9999 -9999 -9999 -9999 -9999 -9999 -9999 -9999 -9999 28.8 28.8 28.7 28.65 28.57 28.47 28.37 28.4 28.55 28.94 29 29.02 29.05 29.11 29.07 29.05 29.06 29.07 29.09 29.12 29.13 29.13 -9999 -9999 -9999 -9999 -9999 -9999 -9999 -9999 -9999 -9999 -9999 -9999 -9999 -9999 -9999 -9999 -9999 -9999 -9999 -9999 -9999 -9999 -9999 -9999 -9999 -9999 -9999
27.83 27.94 28.1 28.3 28.46 28.55 28.59 28.59 28.55 28.51 28.49 28.49 28.49 28.51 -9999 -9999 -9999 -9999 -9999 -9999 -9999 -9999 -9999 -9999 -9999 -9999 -9999 -9999 -9999 -9999 29.44 29.47 29.49 29.39 29.24 29.08 28.96 28.93 28.95 28.93 28.93 28.94 28.99 28.95 28.93 28.93 28.93 28.92 28.95 28.97 28.95 28.88 -9999 -9999 -9999 -9999 -9999 -9999 -9999 -9999 -9999 -9999 -9999 -9999 -9999 -9999 -9999 -9999 -9999 -9999 -9999 -9999 -9999 -9999 -9999 -9999 -9999 -9999
27.69 27.8 27.97 28.19 28.38 28.47 28.5 28.49 28.45 28.42 28.42 28.44 28.48 28.52 -9999 -9999 -9999 -9999 -9999 -9999 -9999 -9999 -9999 -9999 -9999 -9999 -9999 -9999 -9999 29.42 29.5 29.57 29.64 29.59 29.48 29.35 29.19 29.06 28.97 28.9 28.87 28.88 28.91 28.87 28.84 28.85 28.85 28.82 28.84 28.88 28.89 28.88 -9999 -9999 -9999 -9999 -9999 -9999 -9999 -9999 -9999 -9999 -9999 -9999 -9999 -9999 -9999 -9999 -9999 -9999 -9999 -9999 -9999 -9999 -9999 -9999 -9999 -9999
27.64 27.74 27.9 28.12 28.3 28.39 28.41 28.39 28.36 28.34 28.36 28.41 28.48 28.57 28.66 -9999 -9999 -9999 -9999 -9999 -9999 -9999 -9999 -9999 -9999 -9999 -9999 -9999 -9999 29.46 29.53 29.62 29.69 29.69 29.62 29.51 29.4 29.31 29.19 29.07 29 28.97 28.97 28.96 28.94 28.91 28.87 28.82 28.82 28.86 28.89 28.89 -9999 -9999 -9999 -9999 -9999 -9999 -9999 -9999 -9999 -9999 -9999 -9999 -9999 -9999 -9999 -9999 -9999 -9999 -9999 -9999 -9999 -9999 -9999 -9999 -9999 -9999
27.71 27.78 27.9 28.06 28.21 28.29 28.3 28.27 28.24 28.25 28.31 28.4 28.49 28.6 28.72 28.82 -9999 -9999 -9999 -9999 -9999 -9999 -9999 -9999 -9999 -9999 -9999 -9999 -9999 29.49 29.55 29.62 29.67 29.66 29.59 29.49 29.39 29.31 29.2 29.11 29.06 29.05 29.07 29.06 29.03 29 28.93 28.85 28.82 28.84 28.86 28.89 -9999 -9999 -9999 -9999 -9999 -9999 -9999 -9999 -9999 -9999 -9999 -9999 -9999 -9999 -9999 -9999 -9999 -9999 -9999 -9999 -9999 -9999 -9999 -9999 -9999 -9999
27.87 27.89 27.93 28.01 28.1 28.15 28.14 28.11 28.09 28.12 28.27 28.39 28.5 28.61 28.74 28.84 28.89 -9999 -9999 -9999 -9999 -9999 -9999 -9999 -9999 -9999 -9999 -9999 -9999 29.51 29.57 29.63 29.67 29.67 29.62 29.55 29.47 29.4 29.3 29.21 29.17 29.16 29.15 29.11 29.06 29.04 28.94 28.84 28.78 28.77 28.81 28.9 28.98 -9999 -9999 -9999 -9999 -9999 -9999 -9999 -9999 -9999 -9999 -9999 -9999 -9999 -9999 -9999 -9999 -9999 -9999 -9999 -9999 -9999 -9999 -9999 -9999 -9999
27.99 27.94 27.9 27.89 27.93 27.95 27.94 27.91 27.9 27.91 -9999 28.42 28.5 28.6 28.71 28.79 28.83 -9999 -9999 -9999 -9999 -9999 -9999 -9999 -9999 -9999 -9999 -9999 -9999 -9999 -9999 -9999 -9999 29.7 29.66 29.61 29.55 29.5 29.42 29.34 29.3 29.29 29.25 29.17 29.11 29.08 28.97 28.86 28.79 28.75 28.81 28.91 29 -9999 29.3 -9999 -9999 -9999 -9999 -9999 -9999 -9999 -9999 -9999 -9999 -9999 -9999 -9999 -9999 -9999 -9999 -9999 -9999 -9999 -9999 -9999 -9999 -9999
28.03 27.92 27.82 27.73 27.72 27.73 27.72 27.71 27.73 27.78 -9999 28.39 28.46 28.55 28.63 28.69 28.7 28.64 -9999 -9999 -9999 -9999 -9999 -9999 -9999 -9999 -9999 -9999 -9999 -9999 -9999 -9999 -9999 29.69 29.66 29.62 29.57 29.54 29.46 29.38 29.35 29.33 29.22 29.11 29.03 28.99 28.87 28.77 28.69 28.66 28.72 28.86 28.97 29.06 29.17 29.19 -9999 -9999 -9999 -9999 -9999 -9999 -9999 -9999 -9999 -9999 -9999 -9999 -9999 -9999 -9999 -9999 -9999 -9999 -9999 -9999 -9999 -9999
28.03 27.89 27.73 27.59 27.55 27.55 27.54 27.55 27.62 27.77 28 28.24 28.38 28.47 28.54 28.58 28.59 28.57 -9999 -9999 -9999 -9999 -9999 -9999 -9999 -9999 -9999 -9999 -9999 -9999 -9999 -9999 -9999 29.65 29.61 29.56 29.5 -9999 -9999 29.32 29.33 29.31 29.18 29.05 28.97 28.92 28.8 28.72 28.65 28.62 28.67 28.82 28.93 29 29.04 -9999 -9999 -9999 -9999 -9999 -9999 -9999 -9999 -9999 -9999 -9999 -9999 -9999 -9999 -9999 -9999 -9999 -9999 -9999 -9999 -9999 -9999 -9999
28.03 27.87 27.68 27.51 27.45 27.44 27.44 27.47 27.56 27.73 27.95 28.15 28.28 28.36 28.42 28.45 28.48 28.47 28.45 -9999 -9999 -9999 -9999 -9999 -9999 -9999 -9999 -9999 -9999 -9999 -9999 -9999 -9999 29.61 29.54 29.47 29.41 -9999 -9999 29.3 29.33 29.32 29.18 29.04 28.94 28.88 28.76 28.68 28.6 28.57 28.62 28.76 28.85 28.93 28.95 28.92 -9999 -9999 -9999 -9999 -9999 -9999 -9999 -9999 -9999 -9999 -9999 -9999 -9999 -9999 -9999 -9999 -9999 -9999 -9999 -9999 -9999 -9999
28.05 27.89 27.68 27.49 27.41 27.4 27.4 27.44 27.54 27.7 27.89 28.06 28.17 28.24 28.29 28.33 28.38 28.41 28.42 -9999 -9999 -9999 -9999 -9999 -9999 -9999 -9999 -9999 -9999 -9999 -9999 -9999 -9999 -9999 29.44 29.36 29.29 29.22 -9999 -9999 29.39 29.37 29.23 29.08 28.97 28.9 28.77 28.66 28.56 28.54 28.57 28.71 28.82 28.92 28.98 28.99 -9999 -9999 -9999 -9999 -9999 -9999 -9999 -9999 -9999 -9999 -9999 -9999 -9999 -9999 -9999 -9999 -9999 -9999 -9999 -9999 -9999 -9999
28.08 27.92 27.71 27.52 27.43 27.42 27.43 27.47 27.57 27.71 27.87 28 28.08 28.13 28.18 28.23 28.31 28.36 28.39 -9999 -9999 -9999 -9999 -9999 -9999 -9999 -9999 -9999 -9999 -9999 -9999 -9999 -9999 -9999 -9999 29.27 29.21 29.14 29.1 -9999 29.46 29.42 29.27 29.12 29.02 28.97 28.83 28.69 28.58 28.52 28.53 28.67 28.78 28.9 28.98 29.02 -9999 -9999 -9999 -9999 -9999 -9999 -9999 -9999 -9999 -9999 -9999 -9999 -9999 -9999 -9999 -9999 -9999 -9999 -9999 -9999 -9999 -9999
28.09 27.94 27.75 27.57 27.49 27.49 27.51 27.56 27.65 27.76 27.89 27.98 28.04 28.08 28.12 28.17 28.26 28.32 28.36 28.38 -9999 -9999 -9999 -9999 -9999 -9999 -9999 -9999 -9999 -9999 -9999 -9999 -9999 -9999 -9999 -9999 -9999 29.03 29 -9999 -9999 -9999 29.18 29.09 29.04 29.05 -9999 28.69 28.6 28.48 28.38 28.46 28.55 28.65 28.75 28.78 -9999 -9999 -9999 -9999 -9999 -9999 -9999 -9999 -9999 -9999 -9999 -9999 -9999 -9999 -9999 -9999 -9999 -9999 -9999 -9999 -9999 -9999
28.1 27.98 27.82 27.68 27.61 27.6 27.63 27.69 27.76 27.85 27.94 28 28.03 28.05 28.08 28.12 28.2 28.26 28.3 28.34 28.35 -9999 -9999 -9999 -9999 -9999 -9999 -9999 -9999 -9999 -9999 -9999 -9999 -9999 -9999 -9999 -9999 -9999 28.9 28.86 28.84 -9999 29.13 29.07 29.03 -9999 -9999 -9999 28.58 28.46 28.37 28.43 28.52 28.6 28.68 28.7 -9999 28.77 -9999 -9999 -9999 -9999 -9999 -9999 -9999 -9999 -9999 -9999 -9999 -9999 -9999 -9999 -9999 -9999 -9999 -9999 -9999 -9999
28.15 28.06 27.95 27.84 27.78 27.76 27.78 27.83 27.88 27.94 28 28.03 28.04 28.03 28.04 28.05 28.1 28.12 28.15 28.19 28.23 28.21 -9999 -9999 -9999 -9999 -9999 -9999 -9999 -9999 -9999 -9999 -9999 -9999 -9999 -9999 -9999 -9999 -9999 28.96 28.94 29.02 29.11 29.11 29.09 -9999 29.05 28.95 28.72 28.54 28.41 28.41 28.47 28.53 28.59 28.57 28.6 28.62 28.59 28.78 28.8 28.76 28.71 -9999 -9999 -9999 -9999 28.22 -9999 -9999 -9999 -9999 -9999 -9999 -9999 -9999 -9999 -9999
