10-06-2018.asc
ncols         226
nrows         194
xllcorner     76.715034484863
yllcorner     -9.2982788085938
cellsize      0.25
NODATA_value  -9999
[rows 102 to 135 of 194, columns 78 to 155 of 226]
28.94 28.97 29.06 29.33 29.34 29.29 29.2 29.2 29.19 -9999 -9999 -9999 -9999 -9999 -9999 -9999 -9999 -9999 -9999 -9999 -9999 -9999 -9999 -9999 -9999 -9999 -9999 -9999 -9999 -9999 -9999 -9999 -9999 -9999 -9999 -9999 -9999 -9999 -9999 -9999 -9999 -9999 -9999 -9999 -9999 -9999 -9999 -9999 -9999 -9999 -9999 -9999 28.08 28.13 28.27 28.44 28.49 28.47 28.46 28.61 28.89 29.36 29.35 29.28 29.32 29.33 29.34 29.26 29.19 29.14 29.09 28.99 28.91 28.87 28.89 28.9 28.87 28.83
28.87 28.85 28.92 29.19 29.21 29.17 29.15 29.18 29.21 -9999 -9999 -9999 -9999 -9999 -9999 29.63 29.64 29.64 29.64 -9999 -9999 -9999 -9999 -9999 -9999 -9999 -9999 -9999 -9999 -9999 -9999 -9999 -9999 -9999 -9999 -9999 -9999 -9999 -9999 -9999 -9999 -9999 -9999 -9999 -9999 -9999 -9999 -9999 -9999 -9999 -9999 -9999 28.03 28.08 28.27 28.48 28.57 28.59 28.66 28.91 29.07 29.47 29.38 29.21 29.2 29.2 29.22 29.19 29.18 29.17 29.08 28.96 28.87 28.82 28.8 28.85 28.8 28.74
28.83 28.79 28.89 29.15 29.15 29.09 29.1 29.16 29.21 29.22 -9999 -9999 -9999 -9999 -9999 29.59 29.59 29.59 29.6 -9999 -9999 -9999 -9999 -9999 -9999 -9999 -9999 -9999 -9999 -9999 -9999 -9999 -9999 -9999 -9999 -9999 -9999 -9999 -9999 -9999 -9999 -9999 -9999 -9999 -9999 -9999 -9999 -9999 -9999 -9999 -9999 -9999 28.06 28.08 28.22 28.39 28.47 28.47 28.67 29.12 29.32 29.59 29.44 29.22 29.13 29.12 29.11 29.13 29.18 29.19 29.08 28.95 28.85 28.77 28.71 28.68 28.73 28.68
28.86 28.82 28.94 29.16 29.16 29.04 29.06 29.11 29.12 29.14 -9999 -9999 -9999 -9999 -9999 29.52 29.53 29.53 29.53 -9999 -9999 -9999 -9999 -9999 -9999 -9999 -9999 -9999 -9999 -9999 -9999 -9999 -9999 -9999 -9999 -9999 -9999 -9999 -9999 -9999 -9999 -9999 -9999 -9999 -9999 -9999 -9999 -9999 -9999 -9999 -9999 -9999 28.34 28.4 28.54 28.68 28.76 28.82 28.99 29.42 29.59 29.67 29.42 29.26 29.19 29.16 29.18 29.18 29.24 29.15 29.06 28.93 28.81 28.71 28.6 28.58 28.61 28.66
28.94 28.87 28.99 29.17 29.2 28.98 28.94 28.96 28.98 29.07 -9999 -9999 -9999 -9999 -9999 29.46 29.47 29.47 29.47 29.46 29.52 29.64 29.75 -9999 -9999 -9999 -9999 -9999 -9999 -9999 -9999 -9999 -9999 -9999 -9999 -9999 -9999 -9999 -9999 -9999 -9999 -9999 -9999 -9999 -9999 -9999 -9999 -9999 -9999 -9999 -9999 -9999 -9999 28.84 28.98 29.11 29.12 29.1 29.11 29.38 29.46 29.44 29.2 29.17 29.13 29.15 29.24 29.25 29.32 29.23 29.14 28.94 28.8 28.67 28.56 28.51 28.52 28.65
29.06 28.97 28.98 29.08 29.02 28.75 28.7 28.7 28.71 -9999 -9999 -9999 -9999 -9999 -9999 29.41 29.42 29.42 29.42 29.43 29.49 29.65 29.85 29.99 -9999 -9999 -9999 -9999 -9999 -9999 -9999 -9999 -9999 -9999 -9999 -9999 -9999 -9999 -9999 -9999 -9999 -9999 -9999 -9999 -9999 -9999 -9999 -9999 -9999 -9999 -9999 -9999 29.23 29.25 29.4 29.5 29.47 29.36 29.33 29.47 29.5 29.48 29.32 29.28 29.24 29.29 29.38 29.35 29.4 29.29 29.18 29.05 28.89 28.72 28.52 28.47 28.48 28.68
29.43 29.31 29.27 29.21 29 28.68 28.61 28.59 28.58 28.58 -9999 -9999 -9999 -9999 -9999 29.36 29.39 29.4 29.39 29.38 29.45 29.71 30.02 30.19 -9999 -9999 -9999 -9999 -9999 -9999 -9999 -9999 -9999 -9999 -9999 -9999 -9999 -9999 -9999 -9999 -9999 -9999 -9999 -9999 -9999 -9999 -9999 -9999 -9999 -9999 -9999 -9999 29.57 29.64 29.76 29.82 29.77 29.64 29.56 29.55 29.53 29.49 29.37 29.35 29.29 29.33 29.45 29.46 29.59 29.53 29.41 29.29 29.11 28.92 28.73 28.7 28.72 28.85
29.39 29.28 29.3 29.19 28.94 28.63 28.57 28.54 28.52 -9999 -9999 -9999 -9999 -9999 29.24 29.36 29.41 29.43 29.4 29.36 29.46 29.81 30.14 30.35 30.41 30.5 30.54 -9999 -9999 -9999 -9999 -9999 -9999 -9999 -9999 -9999 -9999 -9999 -9999 -9999 -9999 -9999 -9999 -9999 -9999 -9999 -9999 -9999 -9999 -9999 -9999 -9999 29.86 29.81 29.79 29.75 29.7 29.66 29.64 29.6 29.55 29.53 29.43 29.42 29.38 29.4 29.51 29.57 29.61 29.6 29.52 29.46 29.32 29.13 28.96 28.92 28.95 29.04
29.18 29.09 29.17 29.08 28.88 28.62 28.56 28.53 28.52 28.53 -9999 -9999 -9999 -9999 29.31 29.43 29.5 29.56 29.52 29.49 29.58 29.97 30.27 30.49 30.57 30.66 30.65 -9999 -9999 -9999 -9999 -9999 -9999 -9999 -9999 -9999 -9999 -9999 -9999 -9999 -9999 -9999 -9999 -9999 -9999 -9999 -9999 -9999 -9999 -9999 -9999 29.92 29.94 29.84 29.76 29.68 29.64 29.65 29.65 29.61 29.52 29.5 29.42 29.42 29.44 29.5 29.64 29.73 29.8 29.81 29.77 29.73 29.59 29.39 29.34 29.21 29.2 29.31
28.9 28.86 28.97 28.95 28.83 28.66 28.61 28.58 28.56 28.56 -9999 -9999 -9999 29.22 29.3 29.37 29.43 29.51 29.45 29.41 29.48 29.84 30.1 30.33 30.51 30.62 30.6 -9999 -9999 -9999 -9999 -9999 -9999 -9999 -9999 -9999 -9999 -9999 -9999 -9999 -9999 -9999 -9999 -9999 -9999 -9999 -9999 -9999 -9999 -9999 -9999 29.86 29.91 29.82 29.7 29.6 29.56 29.57 29.57 29.53 29.4 29.38 29.38 29.46 29.64 29.79 29.96 30.05 30.15 30.2 30.17 30.16 30.04 29.77 29.71 29.7 29.71 29.73
28.61 28.64 28.79 28.83 28.81 28.73 28.68 28.65 28.63 28.59 -9999 -9999 -9999 29.19 29.26 29.36 29.44 29.55 29.51 29.49 29.54 29.83 30.05 30.26 30.44 30.55 30.52 30.47 -9999 30.37 -9999 -9999 -9999 -9999 -9999 -9999 -9999 -9999 -9999 -9999 -9999 -9999 -9999 -9999 -9999 -9999 -9999 -9999 -9999 29.78 29.78 29.78 29.79 29.67 29.56 29.52 29.56 29.61 29.6 29.44 29.19 29.18 29.26 29.38 29.59 29.76 29.92 30.02 30.17 30.23 30.2 30.21 30.12 29.88 29.83 29.82 29.81 29.81
28.48 28.54 28.63 28.7 28.74 28.73 28.72 28.71 28.73 -9999 -9999 -9999 -9999 29.19 29.28 29.41 29.53 29.67 29.66 29.69 29.72 29.93 30.1 30.24 30.36 30.44 30.41 30.41 30.3 30.31 -9999 -9999 -9999 -9999 -9999 -9999 -9999 -9999 -9999 -9999 -9999 -9999 -9999 -9999 -9999 -9999 -9999 29.34 29.48 29.65 29.64 29.59 29.54 29.41 29.3 29.28 29.38 29.47 29.48 29.34 29.08 29.07 29.18 29.33 29.56 29.73 29.85 29.94 30.09 30.16 30.15 30.14 30.07 29.89 29.88 29.91 29.92 29.9
28.43 28.45 28.51 28.58 28.64 28.67 28.69 28.71 28.77 -9999 -9999 -9999 29.2 29.24 29.35 29.51 29.67 29.85 29.88 29.96 29.99 30.14 30.24 30.3 30.35 30.36 30.3 30.32 30.23 30.21 30.1 -9999 -9999 -9999 -9999 -9999 -9999 -9999 -9999 -9999 -9999 -9999 -9999 -9999 -9999 29.13 29.2 29.29 29.42 29.55 29.55 29.5 29.46 29.35 29.28 29.31 29.4 29.46 29.45 29.36 29.12 29.11 29.22 29.37 29.47 29.6 29.68 29.76 29.89 29.93 29.92 29.92 29.9 29.87 29.91 29.97 29.98 29.97
28.38 28.37 28.41 28.47 28.54 28.59 28.63 28.68 28.76 -9999 -9999 -9999 29.29 29.35 29.47 29.63 29.79 29.98 30.05 30.15 30.19 30.28 30.36 30.41 30.42 30.37 30.26 30.27 30.19 30.14 29.99 29.84 29.78 -9999 -9999 -9999 -9999 -9999 -9999 -9999 -9999 -9999 28.6 28.88 29.05 29.13 29.18 29.24 29.33 29.46 29.47 29.43 29.39 29.31 29.25 29.3 29.38 29.42 29.42 29.38 29.19 29.19 29.27 29.39 29.47 29.59 29.67 29.76 29.89 29.92 29.9 29.88 29.87 29.88 29.93 30.01 30.03 30.03
28.27 28.26 28.29 28.36 28.45 28.52 28.57 28.64 28.74 -9999 -9999 -9999 29.46 29.52 29.62 29.72 29.84 30.01 30.08 30.19 30.23 30.27 30.35 30.43 30.47 30.42 30.3 30.29 30.19 30.1 29.91 29.77 29.73 29.7 29.65 -9999 -9999 -9999 -9999 -9999 -9999 -9999 28.65 28.9 29.08 29.17 29.18 29.18 29.22 29.33 29.35 29.32 29.31 29.25 29.2 29.28 29.37 29.41 29.43 29.45 29.31 29.3 29.33 29.41 29.45 29.57 29.66 29.75 29.89 29.56 29.48 29.38 29.33 29.34 29.41 29.52 29.61 29.68
28.1 28.1 28.15 28.26 28.4 28.5 28.56 28.64 28.74 -9999 -9999 -9999 29.65 29.7 29.77 29.79 29.84 29.94 29.99 30.08 30.11 30.13 30.21 30.31 30.4 30.38 30.25 30.21 30.1 29.95 29.72 29.57 29.54 29.55 29.51 -9999 -9999 -9999 -9999 -9999 -9999 28.81 28.81 29 29.17 29.26 29.25 29.18 29.15 29.24 29.27 29.26 29.3 29.26 29.18 29.27 29.37 29.43 29.47 29.52 29.42 29.42 29.42 29.47 29.47 29.54 29.62 29.72 29.88 29.48 29.39 29.3 29.25 29.25 29.31 29.42 29.52 29.59
28.03 28.06 28.13 28.27 28.44 28.55 28.62 28.69 28.78 -9999 -9999 -9999 29.83 29.89 29.93 29.89 29.88 29.93 29.94 29.99 29.99 30 30.06 30.14 30.23 30.2 30.07 30.01 29.92 29.76 29.54 29.39 29.38 29.42 29.42 -9999 -9999 -9999 -9999 -9999 -9999 29 29.01 29.07 29.19 29.31 29.39 29.36 29.35 29.47 29.54 29.59 29.68 29.56 29.3 29.36 29.47 29.52 29.55 29.58 29.5 29.07 28.96 28.91 28.84 28.8 28.84 28.91 29.07 29.1 29.1 29.11 29.14 29.2 29.32 29.38 29.48 29.51
28.06 28.12 28.21 28.36 28.54 28.65 28.71 28.77 28.82 -9999 -9999 -9999 29.94 30 30.05 29.97 29.93 29.92 29.9 29.85 29.81 29.79 29.8 29.84 29.89 29.85 29.76 29.73 29.73 29.61 29.44 29.33 29.35 29.41 29.41 -9999 -9999 -9999 -9999 29.52 29.46 29.33 29.29 29.19 29.25 29.48 29.65 29.62 29.54 29.53 29.51 29.52 29.61 29.48 29.23 29.34 29.44 29.49 29.55 29.14 29 28.92 28.84 28.89 28.91 28.94 28.9 28.95 29.09 29.04 29.02 29.06 29.1 29.17 29.3 29.47 29.61 29.48
28.15 28.23 28.33 28.48 28.65 28.76 28.81 28.84 -9999 -9999 -9999 -9999 -9999 -9999 30.1 29.99 29.94 29.93 29.91 29.85 29.81 29.77 29.76 29.74 29.75 29.68 29.57 29.54 29.58 29.54 29.47 29.44 29.51 29.56 -9999 -9999 -9999 29.52 29.64 29.65 29.64 29.58 29.5 29.32 29.36 29.72 29.92 29.94 29.81 29.66 29.57 29.56 29.66 29.54 29.31 29.43 29.3 29.29 29.39 29.22 29.02 28.71 28.56 28.63 28.61 28.57 28.57 28.61 28.7 28.72 28.87 28.95 29.04 29.15 29.33 29.5 29.62 29.48
28.27 28.37 28.46 28.6 28.76 28.85 28.89 28.9 -9999 -9999 -9999 -9999 -9999 -9999 -9999 29.87 29.87 29.88 29.89 29.86 29.82 29.78 29.75 29.72 29.71 29.64 29.54 29.5 29.52 29.46 29.45 29.49 29.59 29.65 -9999 -9999 29.47 29.53 29.68 29.74 29.82 29.8 29.67 29.44 29.45 29.87 30.07 30.12 29.93 29.66 29.49 29.4 29.43 29.37 29.22 29.39 29.31 29.3 29.38 29.15 28.99 28.8 28.65 28.61 28.55 28.49 28.47 28.52 28.58 28.59 28.79 28.91 29.05 29.23 29.46 29.65 29.78 29.53
28.39 28.51 28.59 28.72 28.83 28.89 28.9 28.91 -9999 -9999 -9999 -9999 -9999 -9999 -9999 29.78 29.76 29.8 29.84 29.83 29.81 29.78 29.74 29.72 29.72 29.69 29.65 29.57 29.54 29.44 29.44 29.5 29.62 29.7 29.77 29.74 29.6 29.62 29.74 29.85 29.99 29.97 29.75 29.45 29.35 29.7 29.93 30 29.83 29.58 29.4 29.25 29.21 29.2 29.22 29.47 29.36 29.24 29.31 29.09 28.98 28.84 28.74 28.61 28.59 28.51 28.49 28.49 28.5 28.55 28.68 28.83 29 29.22 29.48 29.68 29.82 29.61
28.49 28.63 28.71 28.81 28.89 28.9 28.9 28.9 -9999 -9999 -9999 -9999 -9999 -9999 -9999 -9999 29.65 29.7 29.76 29.78 29.79 29.77 29.74 29.72 29.74 29.76 29.78 29.69 29.61 29.5 29.48 29.54 29.64 29.71 29.75 29.72 29.67 29.71 29.82 29.98 30.16 30.14 29.89 29.53 29.38 29.73 29.89 29.89 29.71 29.43 29.21 29.04 28.97 29.01 29.12 29.42 29.45 29.27 29.36 29.23 29.1 28.96 28.81 28.77 28.72 28.61 28.54 28.5 28.47 28.46 28.57 28.74 28.94 29.18 29.47 29.67 29.86 29.69
28.6 28.75 28.83 28.9 28.93 28.91 28.88 28.88 -9999 29.43 -9999 -9999 -9999 -9999 -9999 -9999 29.54 29.59 29.66 29.72 29.78 29.8 29.79 29.77 29.78 29.81 29.86 29.73 29.62 29.5 29.49 29.54 29.65 29.74 29.78 29.76 29.75 29.8 29.92 30.09 30.25 30.22 29.97 29.58 29.35 29.54 29.56 29.53 29.41 29.17 29 28.85 28.79 28.78 29 29.33 29.37 29.2 29.32 29.26 29.28 29.13 29.07 29.08 28.97 28.77 28.59 28.51 28.42 28.42 28.5 28.67 28.89 29.15 29.44 29.66 29.88 29.78
28.76 28.9 28.95 28.99 28.96 28.89 28.85 28.85 -9999 29.37 29.4 -9999 -9999 -9999 -9999 -9999 29.47 29.5 29.58 29.67 29.76 29.82 29.83 29.82 29.83 29.87 29.91 29.76 29.61 29.49 29.47 29.52 29.65 29.76 29.81 29.83 29.86 29.93 30.05 30.23 30.35 30.27 30 29.6 29.31 29.31 29.25 29.21 29.14 28.98 28.86 28.76 28.74 28.73 28.96 29.26 29.31 29.17 29.27 29.21 29.25 29.3 29.3 29.25 29.19 29.01 28.75 28.58 28.48 28.47 28.51 28.64 28.86 29.09 29.36 29.55 29.78 29.77
28.96 29.08 29.08 29.05 28.95 28.8 28.73 28.77 28.89 29.12 29.25 29.3 -9999 -9999 -9999 -9999 -9999 29.48 29.56 29.7 29.82 29.9 29.93 29.92 29.92 29.96 29.98 29.79 29.61 29.46 29.42 29.49 29.63 29.77 29.85 29.91 30.01 30.1 30.22 30.38 30.47 30.33 30.06 29.65 29.33 29.18 29.09 29.06 29.03 28.93 28.87 28.81 28.84 28.84 29.02 29.26 29.3 29.16 29.21 29.16 29.19 29.29 29.37 29.36 29.31 29.18 28.92 28.73 28.63 28.58 28.61 28.69 28.84 29.02 29.24 29.38 29.57 29.66
29.04 29.14 29.13 29.05 28.9 28.7 28.62 28.66 28.79 28.97 29.11 29.2 29.2 -9999 -9999 -9999 -9999 29.46 29.55 29.72 29.86 29.96 30 29.99 29.98 30.01 30.01 29.8 29.62 29.46 29.43 29.49 29.63 29.76 29.86 29.97 30.11 30.21 30.31 30.44 30.48 30.29 30.03 29.68 29.4 29.19 29.1 29.08 29.07 29.03 29.01 28.97 29.07 29.07 29.22 29.43 29.49 29.37 29.35 29.21 29.1 29.16 29.29 29.36 29.37 29.25 29.11 28.94 28.82 28.76 28.68 28.7 28.78 28.86 29.02 29.11 29.26 29.39
29.05 29.15 29.14 29.04 28.86 28.64 28.56 28.59 28.72 28.87 29 29.08 29.11 29.12 -9999 -9999 -9999 29.45 29.55 29.72 29.85 29.96 30.02 30.02 29.99 30 29.99 29.79 29.64 29.51 29.48 29.54 29.65 29.76 29.86 30 30.17 30.26 30.34 30.41 30.37 30.17 29.94 29.69 29.5 29.34 29.26 29.22 29.2 29.16 29.11 29.11 29.27 29.27 29.43 29.58 29.64 29.52 29.42 29.26 29.04 29.08 29.18 29.27 29.33 29.33 29.24 29.14 28.99 28.81 28.7 28.64 28.64 28.64 28.76 28.84 28.95 29.27
29.12 29.22 29.22 29.13 28.93 28.7 28.62 28.63 28.71 28.81 28.9 28.96 29 29.05 -9999 -9999 -9999 -9999 -9999 29.76 29.84 29.94 30.02 30.03 30 30 29.95 29.78 29.65 29.53 29.51 29.58 29.65 29.75 29.84 29.99 30.17 30.26 30.29 30.31 30.22 30.01 29.84 29.68 29.57 29.45 29.38 29.32 29.27 29.25 29.24 29.28 29.45 29.47 29.62 29.73 29.74 29.62 29.39 29.17 28.99 29.07 29.1 29.16 29.23 29.4 29.32 29.26 29.16 28.99 28.8 28.67 28.63 28.53 28.56 28.62 28.79 29.43
29.23 29.33 29.37 29.3 29.12 28.89 28.79 28.75 28.74 28.76 28.79 28.84 28.91 29.03 29.2 -9999 -9999 -9999 -9999 -9999 -9999 -9999 30.07 30.08 30.05 30.02 29.95 29.83 29.67 29.57 29.54 29.61 29.66 29.73 29.81 29.96 30.15 30.24 30.27 30.29 30.18 29.99 29.87 29.76 29.69 29.6 29.52 29.42 29.35 29.34 29.39 29.47 29.66 29.7 29.86 29.94 29.5 29.34 29.04 28.81 28.59 28.66 28.82 28.94 29.12 29.33 29.32 29.18 29.09 28.9 28.75 28.62 28.64 28.59 28.66 28.74 28.99 29.69
29.36 29.45 29.49 29.44 29.27 29.04 28.92 28.83 28.74 28.7 28.7 28.76 28.86 29.01 29.21 29.26 -9999 -9999 -9999 -9999 -9999 -9999 -9999 30.13 30.12 30.06 29.97 29.84 29.68 29.6 29.57 29.64 29.67 29.73 29.79 29.93 30.11 30.21 30.25 30.29 30.2 30.06 29.97 29.91 29.87 29.78 29.7 29.58 29.47 29.44 29.54 29.66 29.86 29.94 30.13 30.26 29.61 29.34 29.01 28.77 28.45 28.48 28.58 28.72 28.92 29.2 29.25 29.08 28.96 28.78 28.66 28.58 28.63 28.65 28.85 28.99 29.22 29.8
29.51 29.56 29.58 29.53 29.39 29.18 29.05 28.93 28.8 28.72 28.69 28.75 28.86 29.01 29.2 29.28 29.36 -9999 -9999 -9999 -9999 -9999 -9999 -9999 30.15 30.1 30 29.87 29.75 29.68 29.65 29.72 29.73 29.77 29.8 29.91 30.32 30.47 30.56 30.65 30.56 30.44 30.35 30.27 30.19 29.89 29.8 29.67 29.54 29.52 29.66 29.82 29.99 30.07 30.28 30.44 29.7 29.36 29 28.8 28.45 28.43 28.49 28.59 28.8 29.35 29.47 29.26 28.95 28.71 28.56 28.55 28.61 28.7 28.96 29.21 29.34 29.84
29.62 29.64 29.64 29.57 29.43 29.27 29.16 29.04 28.9 28.81 28.77 28.83 28.93 29.05 29.17 29.24 29.3 -9999 -9999 -9999 -9999 -9999 -9999 -9999 -9999 30.1 30.01 29.89 29.76 29.68 29.65 29.7 29.72 29.77 29.81 29.91 30.36 30.52 30.63 30.73 30.66 30.57 30.48 30.41 30.31 29.94 29.84 29.72 29.6 29.58 29.77 29.94 30.06 30.19 30.4 30.56 29.65 29.29 28.96 28.69 28.36 28.38 28.49 28.63 28.84 29.47 29.73 29.57 28.94 28.67 28.5 28.47 28.56 28.7 29.01 29.31 29.43 29.81
29.64 29.65 29.62 29.55 29.42 29.3 29.21 29.12 28.99 28.9 28.85 28.9 29 29.09 29.16 29.2 29.24 -9999 -9999 -9999 -9999 -9999 -9999 -9999 -9999 -9999 29.98 29.86 29.74 29.66 29.62 29.65 29.68 29.78 29.85 29.95 30.42 30.59 30.71 30.81 30.75 30.66 30.56 30.48 30.36 29.93 29.83 29.73 29.63 29.64 29.86 30.03 30.1 30.18 30.33 30.4 29.44 29.17 28.9 28.66 28.35 28.36 28.44 28.54 28.66 29.56 29.45 29.32 29.12 28.93 28.82 28.85 29 29.24 29.58 29.85 29.9 29.85
29.6 29.59 29.56 29.49 29.38 29.3 29.26 29.24 29.17 29.1 29.06 29.08 29.16 29.21 29.2 29.21 -9999 -9999 -9999 -9999 -9999 -9999 -9999 -9999 -9999 -9999 -9999 29.79 29.68 29.61 29.59 29.6 29.57 29.68 29.76 29.85 30.3 30.45 30.61 30.73 30.71 30.62 30.51 30.44 30.32 29.86 29.76 29.68 29.62 29.67 29.89 30.04 30.03 30.05 30.15 30.2 29.27 29.03 28.8 28.6 28.37 28.36 28.43 28.5 28.59 29.47 29.4 29.32 29.14 28.95 28.84 28.85 29 29.27 29.63 29.93 30 -9999
